5.892762054443359375e+04 nan
5.892764135742187500e+04 nan
5.892766217041015625e+04 nan
5.892768304443359375e+04 nan
5.892770385742187500e+04 nan
5.892772467041015625e+04 nan
5.892774554443359375e+04 nan
5.892776635742187500e+04 nan
5.892778717041015625e+04 nan
5.892780804443359375e+04 nan
5.892782885742187500e+04 nan
5.892784967041015625e+04 nan
5.892787054443359375e+04 nan
5.892789135742187500e+04 nan
5.892791217041015625e+04 nan
5.892793304443359375e+04 nan
5.892795385742187500e+04 nan
5.892797467041015625e+04 nan
5.892799554443359375e+04 nan
5.892801635742187500e+04 nan
5.892803717041015625e+04 nan
5.892805804443359375e+04 nan
5.892807885742187500e+04 nan
5.892809967041015625e+04 nan
5.892812054443359375e+04 nan
5.892814135742187500e+04 nan
5.892816217041015625e+04 nan
5.892818304443359375e+04 nan
5.892820385742187500e+04 nan
5.892822467041015625e+04 nan
5.892824554443359375e+04 nan
5.892826635742187500e+04 nan
5.892828717041015625e+04 nan
5.892830804443359375e+04 nan
5.892832885742187500e+04 nan
5.892834967041015625e+04 nan
5.892837054443359375e+04 nan
5.892839135742187500e+04 nan
5.892841217041015625e+04 nan
5.892843304443359375e+04 nan
5.892845385742187500e+04 1.010615539550781250e+01
5.892847467041015625e+04 1.078118896484375000e+01
5.892849554443359375e+04 1.514622497558593750e+01
5.892851635742187500e+04 1.416882324218750000e+01
5.892853717041015625e+04 1.176252746582031250e+01
5.892855804443359375e+04 1.238099670410156250e+01
5.892857885742187500e+04 1.329197692871093750e+01
5.892859967041015625e+04 1.085607910156250000e+01
5.892862054443359375e+04 9.602569580078125000e+00
5.892864135742187500e+04 7.322555541992187500e+00
5.892866217041015625e+04 1.086163330078125000e+01
5.892868304443359375e+04 1.267704772949218750e+01
5.892870385742187500e+04 1.203103637695312500e+01
5.892872467041015625e+04 5.900970458984375000e+00
5.892874554443359375e+04 5.228668212890625000e+00
5.892876635742187500e+04 1.088447570800781250e+01
5.892878717041015625e+04 1.061766052246093750e+01
5.892880804443359375e+04 8.160232543945312500e+00
5.892882885742187500e+04 9.189819335937500000e+00
5.892884967041015625e+04 9.006561279296875000e+00
5.892887054443359375e+04 9.376312255859375000e+00
5.892889135742187500e+04 6.169219970703125000e+00
5.892891217041015625e+04 9.873275756835937500e+00
5.892893304443359375e+04 6.470169067382812500e+00
5.892895385742187500e+04 1.000729370117187500e+01
5.892897467041015625e+04 1.040019226074218750e+01
5.892899554443359375e+04 1.131285095214843750e+01
5.892901635742187500e+04 8.698440551757812500e+00
5.892903717041015625e+04 9.983963012695312500e+00
5.892905804443359375e+04 1.051963806152343750e+01
5.892907885742187500e+04 6.957290649414062500e+00
5.892909967041015625e+04 7.864868164062500000e+00
5.892912054443359375e+04 9.847518920898437500e+00
5.892914135742187500e+04 9.470733642578125000e+00
5.892916217041015625e+04 9.973068237304687500e+00
5.892918304443359375e+04 8.595260620117187500e+00
5.892920385742187500e+04 8.567962646484375000e+00
5.892922467041015625e+04 8.616714477539062500e+00
5.892924554443359375e+04 9.468536376953125000e+00
5.892926635742187500e+04 9.408401489257812500e+00
5.892928717041015625e+04 7.656219482421875000e+00
5.892930804443359375e+04 8.212326049804687500e+00
5.892932885742187500e+04 7.744293212890625000e+00
5.892934967041015625e+04 7.899826049804687500e+00
5.892937054443359375e+04 8.226394653320312500e+00
5.892939135742187500e+04 8.759963989257812500e+00
5.892941217041015625e+04 9.495681762695312500e+00
5.892943304443359375e+04 7.377883911132812500e+00
5.892945385742187500e+04 8.166671752929687500e+00
5.892947467041015625e+04 9.857208251953125000e+00
5.892949554443359375e+04 9.637252807617187500e+00
5.892951635742187500e+04 1.037039184570312500e+01
5.892953717041015625e+04 7.517547607421875000e+00
5.892955804443359375e+04 7.586868286132812500e+00
5.892957885742187500e+04 8.385620117187500000e+00
5.892959967041015625e+04 1.029199218750000000e+01
5.892962054443359375e+04 7.696670532226562500e+00
5.892964135742187500e+04 7.806579589843750000e+00
5.892966217041015625e+04 8.847930908203125000e+00
5.892968304443359375e+04 7.610519409179687500e+00
5.892970385742187500e+04 8.320053100585937500e+00
5.892972467041015625e+04 7.481414794921875000e+00
5.892974554443359375e+04 7.615051269531250000e+00
5.892976635742187500e+04 9.066528320312500000e+00
5.892978717041015625e+04 8.693511962890625000e+00
5.892980804443359375e+04 8.476501464843750000e+00
5.892982885742187500e+04 9.188705444335937500e+00
5.892984967041015625e+04 9.974197387695312500e+00
5.892987054443359375e+04 8.521194458007812500e+00
5.892989135742187500e+04 7.021118164062500000e+00
5.892991217041015625e+04 7.314697265625000000e+00
5.892993304443359375e+04 8.233428955078125000e+00
5.892995385742187500e+04 8.400924682617187500e+00
5.892997467041015625e+04 9.026062011718750000e+00
5.892999554443359375e+04 7.512802124023437500e+00
5.893001635742187500e+04 7.989303588867187500e+00
5.893003717041015625e+04 8.328384399414062500e+00
5.893005804443359375e+04 7.512237548828125000e+00
5.893007885742187500e+04 9.043777465820312500e+00
5.893009967041015625e+04 7.362670898437500000e+00
5.893012054443359375e+04 6.728622436523437500e+00
5.893014135742187500e+04 9.456985473632812500e+00
5.893016217041015625e+04 4.581954956054687500e+00
5.893018304443359375e+04 4.792312622070312500e+00
5.893020385742187500e+04 8.570358276367187500e+00
5.893022467041015625e+04 7.137603759765625000e+00
5.893024554443359375e+04 4.515106201171875000e+00
5.893026635742187500e+04 7.564819335937500000e+00
5.893028717041015625e+04 8.666198730468750000e+00
5.893030804443359375e+04 7.669357299804687500e+00
5.893032885742187500e+04 6.854690551757812500e+00
5.893034967041015625e+04 7.754867553710937500e+00
5.893037054443359375e+04 7.773712158203125000e+00
5.893039141845703125e+04 7.607482910156250000e+00
5.893041223144531250e+04 7.442108154296875000e+00
5.893043304443359375e+04 8.279312133789062500e+00
5.893045391845703125e+04 7.660461425781250000e+00
5.893047473144531250e+04 7.551269531250000000e+00
5.893049554443359375e+04 8.592758178710937500e+00
5.893051641845703125e+04 8.524063110351562500e+00
5.893053723144531250e+04 6.448486328125000000e+00
5.893055804443359375e+04 6.851318359375000000e+00
5.893057891845703125e+04 8.851486206054687500e+00
5.893059973144531250e+04 8.287765502929687500e+00
5.893062054443359375e+04 7.974304199218750000e+00
5.893064141845703125e+04 7.923980712890625000e+00
5.893066223144531250e+04 6.852645874023437500e+00
5.893068304443359375e+04 7.549652099609375000e+00
5.893070391845703125e+04 6.874862670898437500e+00
5.893072473144531250e+04 7.659255981445312500e+00
5.893074554443359375e+04 7.279281616210937500e+00
5.893076641845703125e+04 5.389877319335937500e+00
5.893078723144531250e+04 7.858947753906250000e+00
5.893080804443359375e+04 5.575363159179687500e+00
5.893082891845703125e+04 7.839218139648437500e+00
5.893084973144531250e+04 6.393966674804687500e+00
5.893087054443359375e+04 8.095947265625000000e+00
5.893089141845703125e+04 6.261306762695312500e+00
5.893091223144531250e+04 5.276229858398437500e+00
5.893093304443359375e+04 5.224487304687500000e+00
5.893095391845703125e+04 7.181045532226562500e+00
5.893097473144531250e+04 6.434997558593750000e+00
5.893099554443359375e+04 5.680084228515625000e+00
5.893101641845703125e+04 6.136062622070312500e+00
5.893103723144531250e+04 7.569152832031250000e+00
5.893105804443359375e+04 7.369110107421875000e+00
5.893107891845703125e+04 6.763580322265625000e+00
5.893109973144531250e+04 6.232940673828125000e+00
5.893112054443359375e+04 7.228210449218750000e+00
5.893114141845703125e+04 5.447967529296875000e+00
5.893116223144531250e+04 6.808029174804687500e+00
5.893118304443359375e+04 8.853103637695312500e+00
5.893120391845703125e+04 5.550735473632812500e+00
5.893122473144531250e+04 5.143646240234375000e+00
5.893124554443359375e+04 7.691940307617187500e+00
5.893126641845703125e+04 5.284378051757812500e+00
5.893128723144531250e+04 6.235153198242187500e+00
5.893130804443359375e+04 6.403472900390625000e+00
5.893132891845703125e+04 6.633010864257812500e+00
5.893134973144531250e+04 5.376419067382812500e+00
5.893137054443359375e+04 6.847213745117187500e+00
5.893139141845703125e+04 5.977035522460937500e+00
5.893141223144531250e+04 5.855621337890625000e+00
5.893143304443359375e+04 7.119949340820312500e+00
5.893145391845703125e+04 7.507400512695312500e+00
5.893147473144531250e+04 6.710372924804687500e+00
5.893149554443359375e+04 5.958633422851562500e+00
5.893151641845703125e+04 5.894592285156250000e+00
5.893153723144531250e+04 5.350112915039062500e+00
5.893155804443359375e+04 6.570037841796875000e+00
5.893157891845703125e+04 7.363616943359375000e+00
5.893159973144531250e+04 5.486282348632812500e+00
5.893162054443359375e+04 6.647415161132812500e+00
5.893164141845703125e+04 3.431930541992187500e+00
5.893166223144531250e+04 6.715621948242187500e+00
5.893168304443359375e+04 5.871627807617187500e+00
5.893170391845703125e+04 8.039184570312500000e+00
5.893172473144531250e+04 5.797103881835937500e+00
5.893174554443359375e+04 4.218307495117187500e+00
5.893176641845703125e+04 5.046905517578125000e+00
5.893178723144531250e+04 7.477310180664062500e+00
5.893180804443359375e+04 6.887207031250000000e+00
5.893182891845703125e+04 7.589248657226562500e+00
5.893184973144531250e+04 6.537307739257812500e+00
5.893187054443359375e+04 6.934997558593750000e+00
5.893189141845703125e+04 5.828536987304687500e+00
5.893191223144531250e+04 7.580612182617187500e+00
5.893193304443359375e+04 6.350250244140625000e+00
5.893195391845703125e+04 7.557723999023437500e+00
5.893197473144531250e+04 8.564086914062500000e+00
5.893199554443359375e+04 7.005340576171875000e+00
5.893201641845703125e+04 5.984939575195312500e+00
5.893203723144531250e+04 7.966766357421875000e+00
5.893205804443359375e+04 7.460052490234375000e+00
5.893207891845703125e+04 6.503051757812500000e+00
5.893209973144531250e+04 7.346801757812500000e+00
5.893212054443359375e+04 6.171890258789062500e+00
5.893214141845703125e+04 6.580078125000000000e+00
5.893216223144531250e+04 5.808822631835937500e+00
5.893218304443359375e+04 5.678894042968750000e+00
5.893220391845703125e+04 5.349868774414062500e+00
5.893222473144531250e+04 4.977737426757812500e+00
5.893224554443359375e+04 6.810256958007812500e+00
5.893226641845703125e+04 6.454864501953125000e+00
5.893228723144531250e+04 7.144149780273437500e+00
5.893230804443359375e+04 6.023300170898437500e+00
5.893232891845703125e+04 5.501403808593750000e+00
5.893234973144531250e+04 3.678756713867187500e+00
5.893237054443359375e+04 5.355651855468750000e+00
5.893239141845703125e+04 4.939758300781250000e+00
5.893241223144531250e+04 6.838821411132812500e+00
5.893243304443359375e+04 5.720504760742187500e+00
5.893245391845703125e+04 5.550567626953125000e+00
5.893247473144531250e+04 5.019363403320312500e+00
5.893249554443359375e+04 5.018905639648437500e+00
5.893251641845703125e+04 7.178497314453125000e+00
5.893253723144531250e+04 4.669998168945312500e+00
5.893255804443359375e+04 5.164810180664062500e+00
5.893257891845703125e+04 4.520736694335937500e+00
5.893259973144531250e+04 4.384918212890625000e+00
5.893262054443359375e+04 5.624862670898437500e+00
5.893264141845703125e+04 6.907409667968750000e+00
5.893266223144531250e+04 6.199676513671875000e+00
5.893268304443359375e+04 4.615539550781250000e+00
5.893270391845703125e+04 5.066162109375000000e+00
5.893272473144531250e+04 6.540191650390625000e+00
5.893274554443359375e+04 6.105682373046875000e+00
5.893276641845703125e+04 5.236572265625000000e+00
5.893278723144531250e+04 5.529357910156250000e+00
5.893280804443359375e+04 6.465362548828125000e+00
5.893282891845703125e+04 7.276306152343750000e+00
5.893284973144531250e+04 4.972702026367187500e+00
5.893287054443359375e+04 7.302597045898437500e+00
5.893289141845703125e+04 4.359268188476562500e+00
5.893291223144531250e+04 5.862808227539062500e+00
5.893293304443359375e+04 4.311157226562500000e+00
5.893295391845703125e+04 6.367630004882812500e+00
5.893297473144531250e+04 6.476791381835937500e+00
5.893299554443359375e+04 6.909591674804687500e+00
5.893301641845703125e+04 5.795608520507812500e+00
5.893303723144531250e+04 3.188018798828125000e+00
5.893305804443359375e+04 6.368331909179687500e+00
5.893307891845703125e+04 6.298736572265625000e+00
5.893309973144531250e+04 5.432525634765625000e+00
5.893312054443359375e+04 6.532516479492187500e+00
5.893314141845703125e+04 4.990509033203125000e+00
5.893316223144531250e+04 5.369140625000000000e+00
5.893318304443359375e+04 5.002426147460937500e+00
5.893320391845703125e+04 4.821212768554687500e+00
5.893322473144531250e+04 3.441909790039062500e+00
5.893324554443359375e+04 5.618103027343750000e+00
5.893326641845703125e+04 6.499664306640625000e+00
5.893328723144531250e+04 5.007400512695312500e+00
5.893330804443359375e+04 4.707946777343750000e+00
5.893332891845703125e+04 6.313919067382812500e+00
5.893334973144531250e+04 4.593612670898437500e+00
5.893337054443359375e+04 5.873809814453125000e+00
5.893339141845703125e+04 4.910324096679687500e+00
5.893341223144531250e+04 3.537963867187500000e+00
5.893343304443359375e+04 6.804916381835937500e+00
5.893345391845703125e+04 5.802200317382812500e+00
5.893347473144531250e+04 6.025436401367187500e+00
5.893349554443359375e+04 6.380554199218750000e+00
5.893351641845703125e+04 5.778030395507812500e+00
5.893353723144531250e+04 4.883895874023437500e+00
5.893355804443359375e+04 5.254074096679687500e+00
5.893357891845703125e+04 2.815338134765625000e+00
5.893359973144531250e+04 5.499282836914062500e+00
5.893362054443359375e+04 6.378707885742187500e+00
5.893364141845703125e+04 5.397888183593750000e+00
5.893366223144531250e+04 3.467697143554687500e+00
5.893368304443359375e+04 4.911529541015625000e+00
5.893370391845703125e+04 4.579254150390625000e+00
5.893372473144531250e+04 5.488021850585937500e+00
5.893374554443359375e+04 6.633468627929687500e+00
5.893376641845703125e+04 4.134399414062500000e+00
5.893378723144531250e+04 5.731948852539062500e+00
5.893380804443359375e+04 5.215332031250000000e+00
5.893382891845703125e+04 2.928619384765625000e+00
5.893384973144531250e+04 4.320755004882812500e+00
5.893387054443359375e+04 5.309661865234375000e+00
5.893389141845703125e+04 4.647003173828125000e+00
5.893391223144531250e+04 5.736267089843750000e+00
5.893393304443359375e+04 6.256149291992187500e+00
5.893395391845703125e+04 6.139770507812500000e+00
5.893397473144531250e+04 6.724822998046875000e+00
5.893399554443359375e+04 6.696670532226562500e+00
5.893401641845703125e+04 5.298965454101562500e+00
5.893403723144531250e+04 4.813659667968750000e+00
5.893405804443359375e+04 5.058609008789062500e+00
5.893407891845703125e+04 3.917037963867187500e+00
5.893409973144531250e+04 4.346038818359375000e+00
5.893412054443359375e+04 3.723052978515625000e+00
5.893414141845703125e+04 3.597534179687500000e+00
5.893416223144531250e+04 5.467941284179687500e+00
5.893418304443359375e+04 5.688293457031250000e+00
5.893420391845703125e+04 4.955963134765625000e+00
5.893422473144531250e+04 4.805496215820312500e+00
5.893424554443359375e+04 3.671417236328125000e+00
5.893426641845703125e+04 4.197448730468750000e+00
5.893428723144531250e+04 5.260574340820312500e+00
5.893430804443359375e+04 3.470977783203125000e+00
5.893432891845703125e+04 4.172454833984375000e+00
5.893434973144531250e+04 3.552383422851562500e+00
5.893437054443359375e+04 5.901168823242187500e+00
5.893439141845703125e+04 4.689666748046875000e+00
5.893441223144531250e+04 3.984130859375000000e+00
5.893443304443359375e+04 5.046249389648437500e+00
5.893445391845703125e+04 4.808929443359375000e+00
5.893447473144531250e+04 4.816482543945312500e+00
5.893449554443359375e+04 6.269973754882812500e+00
5.893451641845703125e+04 5.544662475585937500e+00
5.893453723144531250e+04 6.059234619140625000e+00
5.893455804443359375e+04 4.158081054687500000e+00
5.893457891845703125e+04 5.663360595703125000e+00
5.893459973144531250e+04 5.848999023437500000e+00
5.893462054443359375e+04 5.034545898437500000e+00
5.893464141845703125e+04 5.455322265625000000e+00
5.893466223144531250e+04 3.462570190429687500e+00
5.893468304443359375e+04 4.837677001953125000e+00
5.893470391845703125e+04 5.957214355468750000e+00
5.893472473144531250e+04 2.815261840820312500e+00
5.893474554443359375e+04 5.308502197265625000e+00
5.893476641845703125e+04 5.600357055664062500e+00
5.893478723144531250e+04 4.494445800781250000e+00
5.893480804443359375e+04 4.156799316406250000e+00
5.893482891845703125e+04 5.750137329101562500e+00
5.893484973144531250e+04 4.644744873046875000e+00
5.893487054443359375e+04 3.436706542968750000e+00
5.893489141845703125e+04 3.349929809570312500e+00
5.893491223144531250e+04 3.106491088867187500e+00
5.893493304443359375e+04 2.460128784179687500e+00
5.893495391845703125e+04 1.442398071289062500e+00
5.893497473144531250e+04 2.382904052734375000e+00
5.893499554443359375e+04 3.888290405273437500e+00
5.893501641845703125e+04 4.746719360351562500e+00
5.893503723144531250e+04 5.023101806640625000e+00
5.893505804443359375e+04 3.898620605468750000e+00
5.893507891845703125e+04 5.151931762695312500e+00
5.893509973144531250e+04 4.559478759765625000e+00
5.893512054443359375e+04 3.156021118164062500e+00
5.893514141845703125e+04 4.146118164062500000e+00
5.893516223144531250e+04 5.153884887695312500e+00
5.893518304443359375e+04 3.796020507812500000e+00
5.893520391845703125e+04 4.433685302734375000e+00
5.893522473144531250e+04 9.482269287109375000e-01
5.893524554443359375e+04 3.076019287109375000e+00
5.893526641845703125e+04 3.179595947265625000e+00
5.893528723144531250e+04 2.085464477539062500e+00
5.893530804443359375e+04 4.443481445312500000e+00
5.893532891845703125e+04 4.108367919921875000e+00
5.893534973144531250e+04 5.690185546875000000e+00
5.893537054443359375e+04 1.952255249023437500e+00
5.893539141845703125e+04 5.057250976562500000e+00
5.893541223144531250e+04 2.805191040039062500e+00
5.893543304443359375e+04 1.987243652343750000e+00
5.893545391845703125e+04 3.694213867187500000e+00
5.893547473144531250e+04 4.052581787109375000e+00
5.893549554443359375e+04 2.132141113281250000e+00
5.893551641845703125e+04 3.473754882812500000e+00
5.893553723144531250e+04 4.775222778320312500e+00
5.893555804443359375e+04 4.181976318359375000e+00
5.893557891845703125e+04 4.316223144531250000e+00
5.893559973144531250e+04 3.355209350585937500e+00
5.893562054443359375e+04 4.284744262695312500e+00
5.893564141845703125e+04 5.406997680664062500e+00
5.893568304443359375e+04 5.037963867187500000e+00
5.893570391845703125e+04 5.816329956054687500e+00
5.893572473144531250e+04 6.244079589843750000e+00
5.893574554443359375e+04 5.483871459960937500e+00
5.893576641845703125e+04 5.943817138671875000e+00
5.893578723144531250e+04 5.541824340820312500e+00
5.893580804443359375e+04 4.701690673828125000e+00
5.893582891845703125e+04 5.966644287109375000e+00
5.893584973144531250e+04 6.778610229492187500e+00
5.893587054443359375e+04 6.195541381835937500e+00
5.893589141845703125e+04 6.135177612304687500e+00
5.893591223144531250e+04 5.602020263671875000e+00
5.893593304443359375e+04 5.030990600585937500e+00
5.893595391845703125e+04 6.417602539062500000e+00
5.893597473144531250e+04 5.640655517578125000e+00
5.893599554443359375e+04 4.090927124023437500e+00
5.893601641845703125e+04 5.777679443359375000e+00
5.893603723144531250e+04 4.901885986328125000e+00
5.893605804443359375e+04 5.808807373046875000e+00
5.893607891845703125e+04 8.229019165039062500e+00
5.893609973144531250e+04 6.152389526367187500e+00
5.893612054443359375e+04 4.074874877929687500e+00
5.893614141845703125e+04 6.512298583984375000e+00
5.893616223144531250e+04 5.507766723632812500e+00
5.893618304443359375e+04 3.989425659179687500e+00
5.893620391845703125e+04 4.822433471679687500e+00
5.893622473144531250e+04 4.930389404296875000e+00
5.893624554443359375e+04 3.242874145507812500e+00
5.893626641845703125e+04 4.883544921875000000e+00
5.893628723144531250e+04 5.269714355468750000e+00
5.893630804443359375e+04 5.256500244140625000e+00
5.893632891845703125e+04 5.403762817382812500e+00
5.893634973144531250e+04 6.401336669921875000e+00
5.893637054443359375e+04 6.100250244140625000e+00
5.893639141845703125e+04 4.035827636718750000e+00
5.893641223144531250e+04 4.793945312500000000e+00
5.893643304443359375e+04 5.454742431640625000e+00
5.893645391845703125e+04 5.346450805664062500e+00
5.893647473144531250e+04 5.146408081054687500e+00
5.893649554443359375e+04 5.920455932617187500e+00
5.893651641845703125e+04 5.692932128906250000e+00
5.893653723144531250e+04 6.469924926757812500e+00
5.893655804443359375e+04 4.892837524414062500e+00
5.893657891845703125e+04 5.429779052734375000e+00
5.893659973144531250e+04 3.681503295898437500e+00
5.893662054443359375e+04 4.683837890625000000e+00
5.893664141845703125e+04 5.400924682617187500e+00
5.893666223144531250e+04 5.649902343750000000e+00
5.893668304443359375e+04 5.807189941406250000e+00
5.893670391845703125e+04 4.729049682617187500e+00
5.893672473144531250e+04 6.275100708007812500e+00
5.893674554443359375e+04 6.397644042968750000e+00
5.893676641845703125e+04 6.301589965820312500e+00
5.893678723144531250e+04 6.068984985351562500e+00
5.893680804443359375e+04 6.428527832031250000e+00
5.893682891845703125e+04 6.005111694335937500e+00
5.893684973144531250e+04 6.347427368164062500e+00
5.893687054443359375e+04 4.154571533203125000e+00
5.893689141845703125e+04 3.772628784179687500e+00
5.893691223144531250e+04 5.993438720703125000e+00
5.893693304443359375e+04 4.131362915039062500e+00
5.893695391845703125e+04 7.241668701171875000e+00
5.893697473144531250e+04 7.278106689453125000e+00
5.893699554443359375e+04 5.414916992187500000e+00
5.893701641845703125e+04 5.106948852539062500e+00
5.893703723144531250e+04 4.664764404296875000e+00
5.893705804443359375e+04 4.781661987304687500e+00
5.893707891845703125e+04 4.095062255859375000e+00
5.893709973144531250e+04 5.359573364257812500e+00
5.893712054443359375e+04 6.309936523437500000e+00
5.893714141845703125e+04 5.283752441406250000e+00
5.893716223144531250e+04 5.383117675781250000e+00
5.893718304443359375e+04 4.222946166992187500e+00
5.893720391845703125e+04 5.927703857421875000e+00
5.893722473144531250e+04 6.253295898437500000e+00
5.893724554443359375e+04 7.095901489257812500e+00
5.893726641845703125e+04 5.949401855468750000e+00
5.893728723144531250e+04 5.368392944335937500e+00
5.893730804443359375e+04 4.595489501953125000e+00
5.893732891845703125e+04 5.530609130859375000e+00
5.893734973144531250e+04 5.811096191406250000e+00
5.893737054443359375e+04 5.185836791992187500e+00
5.893739141845703125e+04 4.830688476562500000e+00
5.893741223144531250e+04 6.349060058593750000e+00
5.893743304443359375e+04 5.695327758789062500e+00
5.893745391845703125e+04 6.861419677734375000e+00
5.893747473144531250e+04 6.969055175781250000e+00
5.893749554443359375e+04 3.983520507812500000e+00
5.893751641845703125e+04 6.327682495117187500e+00
5.893753723144531250e+04 5.185852050781250000e+00
5.893755804443359375e+04 6.746093750000000000e+00
5.893757891845703125e+04 6.646209716796875000e+00
5.893759973144531250e+04 4.704803466796875000e+00
5.893762054443359375e+04 5.535354614257812500e+00
5.893764141845703125e+04 5.163131713867187500e+00
5.893766223144531250e+04 4.851119995117187500e+00
5.893768304443359375e+04 5.630111694335937500e+00
5.893770391845703125e+04 6.785491943359375000e+00
5.893772473144531250e+04 5.807662963867187500e+00
5.893774554443359375e+04 6.501190185546875000e+00
5.893776641845703125e+04 6.181381225585937500e+00
5.893778723144531250e+04 6.625946044921875000e+00
5.893780804443359375e+04 5.237213134765625000e+00
5.893782891845703125e+04 5.244613647460937500e+00
5.893784973144531250e+04 5.857498168945312500e+00
5.893787054443359375e+04 4.289810180664062500e+00
5.893789141845703125e+04 4.936569213867187500e+00
5.893791223144531250e+04 6.456848144531250000e+00
5.893793304443359375e+04 5.034790039062500000e+00
5.893795391845703125e+04 4.610458374023437500e+00
5.893797473144531250e+04 6.397933959960937500e+00
5.893799554443359375e+04 4.386260986328125000e+00
5.893801641845703125e+04 5.339813232421875000e+00
5.893803723144531250e+04 6.564743041992187500e+00
5.893805804443359375e+04 5.419692993164062500e+00
5.893807891845703125e+04 5.330154418945312500e+00
5.893809973144531250e+04 5.600875854492187500e+00
5.893812054443359375e+04 6.194152832031250000e+00
5.893814141845703125e+04 5.594482421875000000e+00
5.893816223144531250e+04 5.226867675781250000e+00
5.893818304443359375e+04 5.652435302734375000e+00
5.893820391845703125e+04 6.300857543945312500e+00
5.893822473144531250e+04 3.669189453125000000e+00
5.893824554443359375e+04 6.206802368164062500e+00
5.893826641845703125e+04 5.829818725585937500e+00
5.893828723144531250e+04 4.715896606445312500e+00
5.893830804443359375e+04 5.191513061523437500e+00
5.893832891845703125e+04 4.635238647460937500e+00
5.893834973144531250e+04 5.300140380859375000e+00
5.893837054443359375e+04 5.648757934570312500e+00
5.893839141845703125e+04 5.091156005859375000e+00
5.893841223144531250e+04 6.193939208984375000e+00
5.893843304443359375e+04 6.012191772460937500e+00
5.893845391845703125e+04 2.982238769531250000e+00
5.893847473144531250e+04 4.283767700195312500e+00
5.893849554443359375e+04 6.606430053710937500e+00
5.893851641845703125e+04 4.885589599609375000e+00
5.893853723144531250e+04 5.540588378906250000e+00
5.893855804443359375e+04 4.369308471679687500e+00
5.893857891845703125e+04 4.680465698242187500e+00
5.893859973144531250e+04 5.932067871093750000e+00
5.893862054443359375e+04 4.852096557617187500e+00
5.893864141845703125e+04 5.322143554687500000e+00
5.893866223144531250e+04 5.749694824218750000e+00
5.893868304443359375e+04 6.546386718750000000e+00
5.893870391845703125e+04 4.562850952148437500e+00
5.893872473144531250e+04 6.199768066406250000e+00
5.893874554443359375e+04 5.626953125000000000e+00
5.893876641845703125e+04 3.959533691406250000e+00
5.893878723144531250e+04 4.488037109375000000e+00
5.893880804443359375e+04 6.966552734375000000e+00
5.893882891845703125e+04 4.030456542968750000e+00
5.893884973144531250e+04 5.502365112304687500e+00
5.893887054443359375e+04 6.397979736328125000e+00
5.893889141845703125e+04 5.786849975585937500e+00
5.893891223144531250e+04 6.195358276367187500e+00
5.893893304443359375e+04 5.647598266601562500e+00
5.893895391845703125e+04 4.856369018554687500e+00
5.893897473144531250e+04 5.885406494140625000e+00
5.893899554443359375e+04 6.064651489257812500e+00
5.893901641845703125e+04 5.235565185546875000e+00
5.893903723144531250e+04 7.512054443359375000e+00
5.893905804443359375e+04 5.538650512695312500e+00
5.893907891845703125e+04 6.275466918945312500e+00
5.893909973144531250e+04 7.235000610351562500e+00
5.893912054443359375e+04 8.358139038085937500e+00
5.893914141845703125e+04 7.932815551757812500e+00
5.893916223144531250e+04 6.270584106445312500e+00
5.893918304443359375e+04 7.375717163085937500e+00
5.893920391845703125e+04 8.437881469726562500e+00
5.893922473144531250e+04 7.012832641601562500e+00
5.893924554443359375e+04 8.205337524414062500e+00
5.893926641845703125e+04 7.412185668945312500e+00
5.893928723144531250e+04 8.555603027343750000e+00
5.893930804443359375e+04 7.338104248046875000e+00
5.893932891845703125e+04 8.002593994140625000e+00
5.893934973144531250e+04 8.259735107421875000e+00
5.893937054443359375e+04 8.813079833984375000e+00
5.893939141845703125e+04 7.022979736328125000e+00
5.893941223144531250e+04 8.131088256835937500e+00
5.893943304443359375e+04 7.139038085937500000e+00
5.893945391845703125e+04 9.189575195312500000e+00
5.893947473144531250e+04 9.266494750976562500e+00
5.893949554443359375e+04 9.119522094726562500e+00
5.893951641845703125e+04 8.512145996093750000e+00
5.893953723144531250e+04 9.744293212890625000e+00
5.893955804443359375e+04 8.418319702148437500e+00
5.893957891845703125e+04 1.157373046875000000e+01
5.893959973144531250e+04 1.113481140136718750e+01
5.893962054443359375e+04 1.030854797363281250e+01
5.893964141845703125e+04 1.148056030273437500e+01
5.893966223144531250e+04 1.195034790039062500e+01
5.893968304443359375e+04 1.081076049804687500e+01
5.893970391845703125e+04 1.068544006347656250e+01
5.893972473144531250e+04 1.234565734863281250e+01
5.893974554443359375e+04 1.357153320312500000e+01
5.893976641845703125e+04 1.262590026855468750e+01
5.893978723144531250e+04 1.416227722167968750e+01
5.893980804443359375e+04 1.474156188964843750e+01
5.893982891845703125e+04 1.351226806640625000e+01
5.893984973144531250e+04 1.466040039062500000e+01
5.893987054443359375e+04 1.543623352050781250e+01
5.893989141845703125e+04 1.542234802246093750e+01
5.893991223144531250e+04 1.434963989257812500e+01
5.893993304443359375e+04 1.264616394042968750e+01
5.893995391845703125e+04 1.246583557128906250e+01
5.893997473144531250e+04 1.632243347167968750e+01
5.893999554443359375e+04 1.703536987304687500e+01
5.894001641845703125e+04 1.917054748535156250e+01
5.894003723144531250e+04 1.814036560058593750e+01
5.894005804443359375e+04 1.809182739257812500e+01
5.894007891845703125e+04 2.070668029785156250e+01
5.894009973144531250e+04 2.126641845703125000e+01
5.894012054443359375e+04 2.349092102050781250e+01
5.894014141845703125e+04 2.323103332519531250e+01
5.894016223144531250e+04 2.303622436523437500e+01
5.894018304443359375e+04 2.255354309082031250e+01
5.894020391845703125e+04 2.394854736328125000e+01
5.894022473144531250e+04 2.405723571777343750e+01
5.894024554443359375e+04 2.306048583984375000e+01
5.894026641845703125e+04 2.503875732421875000e+01
5.894028723144531250e+04 2.478860473632812500e+01
5.894030804443359375e+04 2.523890686035156250e+01
5.894032891845703125e+04 2.340658569335937500e+01
5.894034973144531250e+04 2.415711975097656250e+01
5.894137054443359375e+04 3.298960876464843750e+01
5.894139135742187500e+04 3.092440795898437500e+01
5.894141217041015625e+04 2.871922302246093750e+01
5.894143304443359375e+04 3.059423828125000000e+01
5.894145385742187500e+04 3.470529174804687500e+01
5.894147467041015625e+04 3.404890441894531250e+01
5.894149554443359375e+04 3.327850341796875000e+01
5.894151635742187500e+04 3.379269409179687500e+01
5.894153717041015625e+04 3.349462890625000000e+01
5.894155804443359375e+04 3.225984191894531250e+01
5.894157885742187500e+04 3.508012390136718750e+01
5.894159967041015625e+04 3.044499206542968750e+01
5.894162054443359375e+04 3.319761657714843750e+01
5.894164135742187500e+04 3.349624633789062500e+01
5.894166217041015625e+04 3.421931457519531250e+01
5.894168304443359375e+04 3.710704040527343750e+01
5.894170385742187500e+04 nan
5.894172467041015625e+04 nan
5.894174554443359375e+04 nan
5.894176635742187500e+04 nan
5.894178717041015625e+04 nan
5.894180804443359375e+04 nan
5.894182885742187500e+04 nan
5.894184967041015625e+04 nan
5.894187054443359375e+04 nan
5.894189135742187500e+04 nan
5.894191217041015625e+04 nan
5.894193304443359375e+04 nan
5.894195385742187500e+04 nan
5.894197467041015625e+04 nan
5.894199554443359375e+04 nan
5.894201635742187500e+04 nan
5.894203717041015625e+04 nan
5.894205804443359375e+04 nan
5.894207885742187500e+04 nan
5.894209967041015625e+04 nan
5.894212054443359375e+04 nan
5.894214135742187500e+04 nan
5.894216217041015625e+04 nan
5.894218304443359375e+04 nan
5.894220385742187500e+04 nan
5.894222467041015625e+04 nan
5.894224554443359375e+04 nan
5.894226635742187500e+04 nan
5.894228717041015625e+04 nan
5.894230804443359375e+04 nan
5.894232885742187500e+04 nan
5.894234967041015625e+04 nan
5.894237054443359375e+04 nan
5.894239135742187500e+04 nan
5.894241217041015625e+04 nan
5.894243304443359375e+04 nan
5.894245385742187500e+04 nan
5.894247467041015625e+04 nan
5.894249554443359375e+04 nan
5.894251635742187500e+04 nan
5.894253717041015625e+04 nan
5.894255804443359375e+04 nan
5.894257885742187500e+04 nan
5.894259967041015625e+04 nan
5.894262054443359375e+04 nan
5.894264135742187500e+04 nan
5.894266217041015625e+04 nan
5.894268304443359375e+04 nan
5.894270385742187500e+04 nan
5.894272467041015625e+04 4.008239746093750000e+01
5.894274554443359375e+04 4.240223693847656250e+01
5.894276635742187500e+04 3.384170532226562500e+01
5.894278717041015625e+04 3.785163879394531250e+01
5.894280804443359375e+04 4.011460876464843750e+01
5.894282885742187500e+04 3.757838439941406250e+01
5.894284967041015625e+04 3.793222045898437500e+01
5.894287054443359375e+04 3.508564758300781250e+01
5.894289135742187500e+04 4.153413391113281250e+01
5.894291217041015625e+04 3.533975219726562500e+01
5.894293304443359375e+04 3.852609252929687500e+01
5.894295385742187500e+04 3.929107666015625000e+01
5.894297467041015625e+04 3.869186401367187500e+01
5.894299554443359375e+04 3.934234619140625000e+01
5.894301635742187500e+04 3.708102416992187500e+01
5.894303717041015625e+04 3.833427429199218750e+01
5.894305804443359375e+04 3.628619384765625000e+01
5.894307885742187500e+04 3.983496093750000000e+01
5.894309967041015625e+04 3.597282409667968750e+01
5.894312054443359375e+04 3.867260742187500000e+01
5.894314135742187500e+04 3.768418884277343750e+01
5.894316217041015625e+04 3.671461486816406250e+01
5.894318304443359375e+04 3.827420043945312500e+01
5.894320385742187500e+04 4.099858093261718750e+01
5.894322467041015625e+04 4.322732543945312500e+01
5.894324554443359375e+04 nan
5.894326635742187500e+04 nan
5.894328717041015625e+04 4.024838256835937500e+01
5.894330804443359375e+04 4.112319946289062500e+01
5.894332885742187500e+04 4.084884643554687500e+01
5.894334967041015625e+04 4.233924865722656250e+01
5.894337054443359375e+04 4.014555358886718750e+01
5.894339135742187500e+04 4.509507751464843750e+01
5.894341217041015625e+04 4.692637634277343750e+01
5.894343304443359375e+04 nan
5.894345385742187500e+04 nan
5.894347467041015625e+04 nan
5.894349554443359375e+04 nan
5.894351635742187500e+04 nan
5.894353717041015625e+04 nan
5.894355804443359375e+04 nan
5.894357885742187500e+04 nan
5.894359967041015625e+04 nan
5.894362048339843750e+04 nan
5.894364129638671875e+04 nan
5.894366217041015625e+04 nan
5.894368298339843750e+04 nan
5.894370379638671875e+04 nan
5.894372467041015625e+04 nan
5.894374548339843750e+04 nan
5.894376629638671875e+04 nan
5.894378717041015625e+04 nan
5.894380798339843750e+04 nan
5.894382879638671875e+04 nan
5.894384967041015625e+04 nan
5.894387048339843750e+04 nan
5.894389129638671875e+04 nan
5.894391217041015625e+04 nan
5.894393298339843750e+04 nan
5.894395379638671875e+04 nan
5.894397467041015625e+04 nan
5.894399548339843750e+04 nan
5.894401629638671875e+04 nan
5.894403717041015625e+04 nan
5.894405798339843750e+04 nan
5.894407879638671875e+04 nan
5.894409967041015625e+04 nan
5.894412048339843750e+04 nan
5.894414129638671875e+04 nan
5.894416217041015625e+04 nan
5.894418298339843750e+04 nan
5.894420379638671875e+04 4.028834533691406250e+01
5.894422467041015625e+04 3.987895202636718750e+01
5.894424548339843750e+04 3.718426513671875000e+01
5.894426629638671875e+04 4.237242126464843750e+01
5.894428717041015625e+04 4.159066772460937500e+01
5.894430798339843750e+04 4.123364257812500000e+01
5.894432879638671875e+04 3.974092102050781250e+01
5.894434967041015625e+04 4.062898254394531250e+01
5.894437048339843750e+04 4.060543823242187500e+01
5.894439129638671875e+04 3.983023071289062500e+01
5.894441217041015625e+04 3.980407714843750000e+01
5.894443298339843750e+04 4.071893310546875000e+01
5.894445379638671875e+04 4.157647705078125000e+01
5.894447467041015625e+04 4.267962646484375000e+01
5.894449548339843750e+04 4.281118774414062500e+01
5.894451629638671875e+04 4.151368713378906250e+01
5.894453717041015625e+04 4.086225891113281250e+01
5.894455798339843750e+04 4.069842529296875000e+01
5.894457879638671875e+04 4.095396423339843750e+01
5.894459967041015625e+04 4.158677673339843750e+01
5.894462048339843750e+04 4.405018615722656250e+01
5.894464129638671875e+04 4.030969238281250000e+01
5.894466217041015625e+04 4.582185363769531250e+01
5.894468298339843750e+04 4.348017883300781250e+01
5.894470379638671875e+04 4.362887573242187500e+01
5.894472467041015625e+04 4.170378112792968750e+01
5.894474548339843750e+04 4.070646667480468750e+01
5.894476629638671875e+04 4.422596740722656250e+01
5.894478717041015625e+04 4.253717041015625000e+01
5.894480798339843750e+04 4.487207031250000000e+01
5.894482879638671875e+04 4.283938598632812500e+01
5.894484967041015625e+04 4.263981628417968750e+01
5.894487048339843750e+04 4.255650329589843750e+01
5.894489129638671875e+04 4.307987976074218750e+01
5.894491217041015625e+04 4.792272949218750000e+01
5.894493298339843750e+04 4.231440734863281250e+01
5.894495379638671875e+04 4.128656005859375000e+01
5.894497467041015625e+04 4.170547485351562500e+01
5.894499548339843750e+04 4.438894653320312500e+01
5.894501629638671875e+04 4.257141113281250000e+01
5.894503717041015625e+04 4.110830688476562500e+01
5.894505798339843750e+04 4.524931335449218750e+01
5.894507879638671875e+04 4.329789733886718750e+01
5.894509967041015625e+04 4.420960998535156250e+01
5.894512048339843750e+04 4.322908020019531250e+01
5.894514129638671875e+04 4.149613952636718750e+01
5.894516217041015625e+04 4.056906127929687500e+01
5.894518298339843750e+04 4.417657470703125000e+01
5.894520379638671875e+04 4.086837768554687500e+01
5.894522467041015625e+04 4.419506835937500000e+01
5.894524548339843750e+04 4.646157836914062500e+01
5.894526629638671875e+04 4.445826721191406250e+01
5.894528717041015625e+04 4.163171386718750000e+01
5.894530798339843750e+04 4.659481811523437500e+01
5.894532879638671875e+04 4.140945434570312500e+01
5.894534967041015625e+04 4.421261596679687500e+01
5.894537048339843750e+04 4.423710632324218750e+01
5.894539129638671875e+04 4.400239562988281250e+01
5.894541217041015625e+04 4.211190795898437500e+01
5.894543298339843750e+04 4.494094848632812500e+01
5.894545379638671875e+04 4.431188964843750000e+01
5.894547467041015625e+04 4.375708007812500000e+01
5.894549548339843750e+04 4.215567016601562500e+01
5.894551629638671875e+04 4.540466308593750000e+01
5.894553717041015625e+04 4.444718933105468750e+01
5.894555798339843750e+04 4.658552551269531250e+01
5.894557879638671875e+04 4.261526489257812500e+01
5.894559967041015625e+04 4.330990600585937500e+01
5.894562048339843750e+04 4.211070251464843750e+01
5.894564129638671875e+04 4.448490905761718750e+01
5.894566217041015625e+04 4.437432861328125000e+01
5.894568298339843750e+04 4.339543151855468750e+01
5.894570379638671875e+04 4.521218872070312500e+01
5.894572467041015625e+04 4.458743286132812500e+01
5.894574548339843750e+04 4.302871704101562500e+01
5.894576629638671875e+04 4.323335266113281250e+01
5.894578717041015625e+04 4.396020507812500000e+01
5.894580798339843750e+04 4.168946838378906250e+01
5.894582879638671875e+04 4.106709289550781250e+01
5.894584967041015625e+04 4.446080017089843750e+01
5.894587048339843750e+04 4.401937866210937500e+01
5.894589129638671875e+04 4.323542785644531250e+01
5.894591217041015625e+04 4.134326171875000000e+01
5.894593298339843750e+04 4.263407897949218750e+01
5.894595379638671875e+04 4.264161682128906250e+01
5.894597467041015625e+04 4.289459228515625000e+01
5.894599548339843750e+04 4.307966613769531250e+01
5.894601629638671875e+04 4.443324279785156250e+01
5.894603717041015625e+04 4.118855285644531250e+01
5.894605798339843750e+04 4.453137207031250000e+01
5.894607879638671875e+04 4.280169677734375000e+01
5.894609967041015625e+04 4.382836914062500000e+01
5.894612048339843750e+04 4.454270935058593750e+01
5.894614129638671875e+04 4.414334106445312500e+01
5.894616217041015625e+04 4.289566040039062500e+01
5.894618298339843750e+04 4.302795410156250000e+01
5.894620379638671875e+04 4.453805541992187500e+01
5.894622467041015625e+04 4.402288818359375000e+01
5.894624548339843750e+04 4.218807983398437500e+01
5.894626629638671875e+04 4.184533691406250000e+01
5.894628717041015625e+04 4.231272888183593750e+01
5.894630798339843750e+04 4.334202575683593750e+01
5.894632879638671875e+04 4.381654357910156250e+01
5.894634960937500000e+04 4.385237121582031250e+01
5.894637042236328125e+04 4.429071044921875000e+01
5.894639129638671875e+04 4.129475402832031250e+01
5.894641210937500000e+04 4.378965759277343750e+01
5.894643292236328125e+04 4.505729675292968750e+01
5.894645379638671875e+04 4.467271423339843750e+01
5.894647460937500000e+04 4.382202148437500000e+01
5.894649542236328125e+04 4.560316467285156250e+01
5.894651629638671875e+04 4.376188659667968750e+01
5.894653710937500000e+04 4.510487365722656250e+01
5.894655792236328125e+04 4.569921875000000000e+01
5.894657879638671875e+04 4.526524353027343750e+01
5.894659960937500000e+04 4.432084655761718750e+01
5.894662042236328125e+04 4.364048767089843750e+01
5.894664129638671875e+04 4.404617309570312500e+01
5.894666210937500000e+04 4.391459655761718750e+01
5.894668292236328125e+04 4.402735900878906250e+01
5.894670379638671875e+04 4.490669250488281250e+01
5.894672460937500000e+04 4.353181457519531250e+01
5.894674542236328125e+04 4.228320312500000000e+01
5.894676629638671875e+04 4.446119689941406250e+01
5.894678710937500000e+04 4.410226440429687500e+01
5.894680792236328125e+04 4.496798706054687500e+01
5.894682879638671875e+04 4.194447326660156250e+01
5.894684960937500000e+04 4.413037109375000000e+01
5.894687042236328125e+04 4.288635253906250000e+01
5.894689129638671875e+04 4.448484802246093750e+01
5.894691210937500000e+04 4.415957641601562500e+01
5.894693292236328125e+04 4.472779846191406250e+01
5.894695379638671875e+04 4.543746948242187500e+01
5.894697460937500000e+04 4.556999206542968750e+01
5.894699542236328125e+04 4.677947998046875000e+01
5.894701629638671875e+04 4.322447204589843750e+01
5.894703710937500000e+04 4.482142639160156250e+01
5.894705792236328125e+04 4.408920288085937500e+01
5.894707879638671875e+04 4.615260314941406250e+01
5.894709960937500000e+04 4.373666381835937500e+01
5.894712042236328125e+04 4.387353515625000000e+01
5.894714129638671875e+04 4.432626342773437500e+01
5.894716210937500000e+04 4.365492248535156250e+01
5.894718292236328125e+04 4.563641357421875000e+01
5.894720379638671875e+04 4.475540161132812500e+01
5.894722460937500000e+04 4.507443237304687500e+01
5.894724542236328125e+04 4.568190002441406250e+01
5.894726629638671875e+04 4.517765808105468750e+01
5.894728710937500000e+04 4.641278076171875000e+01
5.894730792236328125e+04 4.472099304199218750e+01
5.894732879638671875e+04 4.607659912109375000e+01
5.894734960937500000e+04 4.570680236816406250e+01
5.894737042236328125e+04 4.623150634765625000e+01
5.894739129638671875e+04 4.423493957519531250e+01
5.894741210937500000e+04 4.584883117675781250e+01
5.894743292236328125e+04 4.637434387207031250e+01
5.894745379638671875e+04 4.563926696777343750e+01
5.894747460937500000e+04 4.640090942382812500e+01
5.894749542236328125e+04 4.721493530273437500e+01
5.894751629638671875e+04 4.578378295898437500e+01
5.894753710937500000e+04 4.423689270019531250e+01
5.894755792236328125e+04 4.587590026855468750e+01
5.894757879638671875e+04 4.567948913574218750e+01
5.894759960937500000e+04 4.551251220703125000e+01
5.894762042236328125e+04 4.570950317382812500e+01
5.894764129638671875e+04 4.610949707031250000e+01
5.894766210937500000e+04 4.644577026367187500e+01
5.894768292236328125e+04 4.448493957519531250e+01
5.894770379638671875e+04 4.678981018066406250e+01
5.894772460937500000e+04 4.693032836914062500e+01
5.894774542236328125e+04 4.500740051269531250e+01
5.894776629638671875e+04 4.489100646972656250e+01
5.894778710937500000e+04 4.513294982910156250e+01
5.894780792236328125e+04 4.475845336914062500e+01
5.894782879638671875e+04 4.569093322753906250e+01
5.894784960937500000e+04 4.672308349609375000e+01
5.894787042236328125e+04 4.650976562500000000e+01
5.894789129638671875e+04 4.596672058105468750e+01
5.894791210937500000e+04 4.784407043457031250e+01
5.894793292236328125e+04 4.694071960449218750e+01
5.894795379638671875e+04 4.687399291992187500e+01
5.894797460937500000e+04 4.551066589355468750e+01
5.894799542236328125e+04 4.696072387695312500e+01
5.894801629638671875e+04 4.709257507324218750e+01
5.894803710937500000e+04 4.740257263183593750e+01
5.894805792236328125e+04 4.749032592773437500e+01
5.894807879638671875e+04 4.622416687011718750e+01
5.894809960937500000e+04 4.685168457031250000e+01
5.894812042236328125e+04 4.652110290527343750e+01
5.894814129638671875e+04 4.588934326171875000e+01
5.894816210937500000e+04 4.558685302734375000e+01
5.894818292236328125e+04 4.710769653320312500e+01
5.894820379638671875e+04 4.701010131835937500e+01
5.894822460937500000e+04 4.553010559082031250e+01
5.894824542236328125e+04 4.662385559082031250e+01
5.894826629638671875e+04 4.790109252929687500e+01
5.894828710937500000e+04 4.580284118652343750e+01
5.894830792236328125e+04 4.640748596191406250e+01
5.894832879638671875e+04 4.688269042968750000e+01
5.894834960937500000e+04 4.549665832519531250e+01
5.894837042236328125e+04 4.478282165527343750e+01
5.894839129638671875e+04 4.552732849121093750e+01
5.894841210937500000e+04 4.734324645996093750e+01
5.894843292236328125e+04 4.624241638183593750e+01
5.894845379638671875e+04 4.600871276855468750e+01
5.894847460937500000e+04 4.626721191406250000e+01
5.894849542236328125e+04 4.611997985839843750e+01
5.894851629638671875e+04 4.831506347656250000e+01
5.894853710937500000e+04 4.716049194335937500e+01
5.894855792236328125e+04 4.624079895019531250e+01
5.894857873535156250e+04 4.569642639160156250e+01
5.894859954833984375e+04 4.825161743164062500e+01
5.894862042236328125e+04 4.631204223632812500e+01
5.894864123535156250e+04 4.780130004882812500e+01
5.894866204833984375e+04 4.586143493652343750e+01
5.894868292236328125e+04 4.639866638183593750e+01
5.894870373535156250e+04 4.719856262207031250e+01
5.894872454833984375e+04 4.708926391601562500e+01
5.894874542236328125e+04 4.777243041992187500e+01
5.894876623535156250e+04 4.678924560546875000e+01
5.894878704833984375e+04 4.569206237792968750e+01
5.894880792236328125e+04 4.724089050292968750e+01
5.894882873535156250e+04 4.840527343750000000e+01
5.894884954833984375e+04 4.485437011718750000e+01
5.894887042236328125e+04 4.564752197265625000e+01
5.894889123535156250e+04 4.549128723144531250e+01
5.894891204833984375e+04 4.547599792480468750e+01
5.894893292236328125e+04 4.684257507324218750e+01
5.894895373535156250e+04 4.631340026855468750e+01
5.894897454833984375e+04 4.594740295410156250e+01
5.894899542236328125e+04 4.800097656250000000e+01
5.894901623535156250e+04 4.977795410156250000e+01
5.894903704833984375e+04 4.850135803222656250e+01
5.894905792236328125e+04 4.673622131347656250e+01
5.894907873535156250e+04 4.701969909667968750e+01
5.894909954833984375e+04 4.485192871093750000e+01
5.894912042236328125e+04 4.703491210937500000e+01
5.894914123535156250e+04 4.595422363281250000e+01
5.894916204833984375e+04 4.640853881835937500e+01
5.894918292236328125e+04 4.450158691406250000e+01
5.894920373535156250e+04 4.609562683105468750e+01
5.894922454833984375e+04 4.727566528320312500e+01
5.894924542236328125e+04 4.650759887695312500e+01
5.894926623535156250e+04 4.646318054199218750e+01
5.894928704833984375e+04 4.512797546386718750e+01
5.894930792236328125e+04 4.726344299316406250e+01
5.894932873535156250e+04 4.893957519531250000e+01
5.894934954833984375e+04 4.614982604980468750e+01
5.894937042236328125e+04 4.642774963378906250e+01
5.894941204833984375e+04 4.771742248535156250e+01
5.894943292236328125e+04 4.726412963867187500e+01
5.894945373535156250e+04 4.692407226562500000e+01
5.894947454833984375e+04 4.813613891601562500e+01
5.894949542236328125e+04 4.901181030273437500e+01
5.894951623535156250e+04 4.821842956542968750e+01
5.894953704833984375e+04 4.795773315429687500e+01
5.894955792236328125e+04 4.717213439941406250e+01
5.894957873535156250e+04 4.792095947265625000e+01
5.894959954833984375e+04 4.862965393066406250e+01
5.894962042236328125e+04 4.936540222167968750e+01
5.894964123535156250e+04 4.706376647949218750e+01
5.894966204833984375e+04 4.880746459960937500e+01
5.894968292236328125e+04 4.646844482421875000e+01
5.894970373535156250e+04 4.879942321777343750e+01
5.894972454833984375e+04 4.815274047851562500e+01
5.894974542236328125e+04 4.878572082519531250e+01
5.894976623535156250e+04 4.784884643554687500e+01
5.894978704833984375e+04 4.761915588378906250e+01
5.894980792236328125e+04 4.886587524414062500e+01
5.894982873535156250e+04 5.025651550292968750e+01
5.894984954833984375e+04 4.816239929199218750e+01
5.894987042236328125e+04 4.874458312988281250e+01
5.894989123535156250e+04 4.734333801269531250e+01
5.894991204833984375e+04 4.846807861328125000e+01
5.894993292236328125e+04 4.927780151367187500e+01
5.894995373535156250e+04 4.986024475097656250e+01
5.894997454833984375e+04 4.919479370117187500e+01
5.894999542236328125e+04 4.887039184570312500e+01
5.895001623535156250e+04 4.903027343750000000e+01
5.895003704833984375e+04 4.746134948730468750e+01
5.895005792236328125e+04 4.798547363281250000e+01
5.895007873535156250e+04 4.895106506347656250e+01
5.895009954833984375e+04 4.950067138671875000e+01
5.895012042236328125e+04 4.731231689453125000e+01
5.895014123535156250e+04 4.945153808593750000e+01
5.895016204833984375e+04 4.799108886718750000e+01
5.895018292236328125e+04 4.960826110839843750e+01
5.895020373535156250e+04 4.791181945800781250e+01
5.895022454833984375e+04 4.864683532714843750e+01
5.895024542236328125e+04 4.898252868652343750e+01
5.895026623535156250e+04 4.781881713867187500e+01
5.895028704833984375e+04 4.871939086914062500e+01
5.895030792236328125e+04 4.838298034667968750e+01
5.895032873535156250e+04 4.750109863281250000e+01
5.895034954833984375e+04 4.964906311035156250e+01
5.895037042236328125e+04 4.957870483398437500e+01
5.895039123535156250e+04 4.799429321289062500e+01
5.895041204833984375e+04 4.812763977050781250e+01
5.895043286132812500e+04 4.951969909667968750e+01
5.895045367431640625e+04 4.937763977050781250e+01
5.895047454833984375e+04 4.889564514160156250e+01
5.895049536132812500e+04 4.757722473144531250e+01
5.895051617431640625e+04 4.821430969238281250e+01
5.895053704833984375e+04 4.898103332519531250e+01
5.895055786132812500e+04 4.718803405761718750e+01
5.895057867431640625e+04 4.742805480957031250e+01
5.895059954833984375e+04 4.953150939941406250e+01
5.895062036132812500e+04 4.739073181152343750e+01
5.895064117431640625e+04 4.966513061523437500e+01
5.895066204833984375e+04 5.001368713378906250e+01
5.895068286132812500e+04 4.659848022460937500e+01
5.895070367431640625e+04 4.819534301757812500e+01
5.895072454833984375e+04 4.744338989257812500e+01
5.895074536132812500e+04 4.899508666992187500e+01
5.895076617431640625e+04 4.905297851562500000e+01
5.895078704833984375e+04 4.716925048828125000e+01
5.895080786132812500e+04 4.896380615234375000e+01
5.895082867431640625e+04 4.834339904785156250e+01
5.895084954833984375e+04 4.765992736816406250e+01
5.895087036132812500e+04 4.966860961914062500e+01
5.895089117431640625e+04 4.856127929687500000e+01
5.895091204833984375e+04 4.818620300292968750e+01
5.895093286132812500e+04 5.085404968261718750e+01
5.895095367431640625e+04 4.926576232910156250e+01
5.895097454833984375e+04 4.616896057128906250e+01
5.895099536132812500e+04 5.007176208496093750e+01
5.895101617431640625e+04 5.007417297363281250e+01
5.895103704833984375e+04 4.778994750976562500e+01
5.895105786132812500e+04 4.878950500488281250e+01
5.895107867431640625e+04 4.863717651367187500e+01
5.895109954833984375e+04 4.731787109375000000e+01
5.895112036132812500e+04 4.924493408203125000e+01
5.895114117431640625e+04 5.007432556152343750e+01
5.895116204833984375e+04 4.830026245117187500e+01
5.895118286132812500e+04 4.988716125488281250e+01
5.895120367431640625e+04 4.898632812500000000e+01
5.895122454833984375e+04 4.840577697753906250e+01
5.895124536132812500e+04 4.929173278808593750e+01
5.895126617431640625e+04 4.768037414550781250e+01
5.895128704833984375e+04 4.732551574707031250e+01
5.895130786132812500e+04 4.743067932128906250e+01
5.895132867431640625e+04 4.882598876953125000e+01
5.895134954833984375e+04 4.801751708984375000e+01
5.895137036132812500e+04 4.917408752441406250e+01
5.895139117431640625e+04 4.921615600585937500e+01
5.895141204833984375e+04 4.704010009765625000e+01
5.895143286132812500e+04 4.893017578125000000e+01
5.895145367431640625e+04 4.972900390625000000e+01
5.895147454833984375e+04 4.902658081054687500e+01
5.895149536132812500e+04 4.880325317382812500e+01
5.895151617431640625e+04 4.940321350097656250e+01
5.895153704833984375e+04 4.762300109863281250e+01
5.895155786132812500e+04 4.728765869140625000e+01
5.895157867431640625e+04 4.905801391601562500e+01
5.895159954833984375e+04 4.859826660156250000e+01
5.895162036132812500e+04 5.019224548339843750e+01
5.895164117431640625e+04 4.896714782714843750e+01
5.895166204833984375e+04 4.861103820800781250e+01
5.895168286132812500e+04 4.811508178710937500e+01
5.895170367431640625e+04 4.840092468261718750e+01
5.895172454833984375e+04 4.768734741210937500e+01
5.895174536132812500e+04 4.862815856933593750e+01
5.895176617431640625e+04 4.728622436523437500e+01
5.895178704833984375e+04 4.856968688964843750e+01
5.895180786132812500e+04 5.031614685058593750e+01
5.895182867431640625e+04 4.919178771972656250e+01
5.895184954833984375e+04 4.890110778808593750e+01
5.895187036132812500e+04 4.814822387695312500e+01
5.895189117431640625e+04 4.913059997558593750e+01
5.895191204833984375e+04 4.877958679199218750e+01
5.895193286132812500e+04 5.010984802246093750e+01
5.895195367431640625e+04 4.890510559082031250e+01
5.895197454833984375e+04 4.983354187011718750e+01
5.895199536132812500e+04 5.008334350585937500e+01
5.895201617431640625e+04 4.793267822265625000e+01
5.895203704833984375e+04 4.923251342773437500e+01
5.895205780029296875e+04 4.883758544921875000e+01
5.895207867431640625e+04 4.912672424316406250e+01
5.895209948730468750e+04 5.055039978027343750e+01
5.895212030029296875e+04 4.946701049804687500e+01
5.895214117431640625e+04 4.806301879882812500e+01
5.895216198730468750e+04 4.984095764160156250e+01
5.895218280029296875e+04 4.875541687011718750e+01
5.895220367431640625e+04 4.786691284179687500e+01
5.895222448730468750e+04 4.915684509277343750e+01
5.895224530029296875e+04 5.033883666992187500e+01
5.895226617431640625e+04 4.947830200195312500e+01
5.895228698730468750e+04 4.796588134765625000e+01
5.895230780029296875e+04 4.954809570312500000e+01
5.895232867431640625e+04 4.924980163574218750e+01
5.895234948730468750e+04 4.937165832519531250e+01
5.895237030029296875e+04 4.913070678710937500e+01
5.895239117431640625e+04 5.029039001464843750e+01
5.895241198730468750e+04 4.864537048339843750e+01
5.895243280029296875e+04 4.826559448242187500e+01
5.895245367431640625e+04 4.940371704101562500e+01
5.895247448730468750e+04 4.698635864257812500e+01
5.895249530029296875e+04 4.895712280273437500e+01
5.895251617431640625e+04 4.967893981933593750e+01
5.895253698730468750e+04 4.886799621582031250e+01
5.895255780029296875e+04 4.909181213378906250e+01
5.895257867431640625e+04 4.860395812988281250e+01
5.895259948730468750e+04 4.856404113769531250e+01
5.895262030029296875e+04 4.995820617675781250e+01
5.895264117431640625e+04 4.993078613281250000e+01
5.895266198730468750e+04 4.833106994628906250e+01
5.895268280029296875e+04 4.920469665527343750e+01
5.895270367431640625e+04 4.856854248046875000e+01
5.895272448730468750e+04 4.785978698730468750e+01
5.895274530029296875e+04 5.015942382812500000e+01
5.895276617431640625e+04 4.860820007324218750e+01
5.895278698730468750e+04 4.935275268554687500e+01
5.895280780029296875e+04 4.879063415527343750e+01
5.895282867431640625e+04 4.831414794921875000e+01
5.895284948730468750e+04 4.958644104003906250e+01
5.895287030029296875e+04 4.924601745605468750e+01
5.895289117431640625e+04 5.080075073242187500e+01
5.895291198730468750e+04 4.926971435546875000e+01
5.895293280029296875e+04 4.890130615234375000e+01
5.895295367431640625e+04 5.011833190917968750e+01
5.895297448730468750e+04 4.971629333496093750e+01
5.895299530029296875e+04 4.855802917480468750e+01
5.895301617431640625e+04 5.128825378417968750e+01
5.895303698730468750e+04 4.876577758789062500e+01
5.895305780029296875e+04 4.958007812500000000e+01
5.895307867431640625e+04 4.974572753906250000e+01
5.895309948730468750e+04 4.905612182617187500e+01
5.895312030029296875e+04 5.034619140625000000e+01
5.895314117431640625e+04 4.859062194824218750e+01
5.895316198730468750e+04 4.908183288574218750e+01
5.895318280029296875e+04 4.835885620117187500e+01
5.895320367431640625e+04 4.902774047851562500e+01
5.895322448730468750e+04 4.885202026367187500e+01
5.895324530029296875e+04 5.093395996093750000e+01
5.895326617431640625e+04 5.058306884765625000e+01
5.895328698730468750e+04 5.091976928710937500e+01
5.895330780029296875e+04 4.919042968750000000e+01
5.895332867431640625e+04 4.824763488769531250e+01
5.895334948730468750e+04 4.975027465820312500e+01
5.895337030029296875e+04 5.072071838378906250e+01
5.895339117431640625e+04 5.039367675781250000e+01
5.895341198730468750e+04 5.087861633300781250e+01
5.895343280029296875e+04 5.164395141601562500e+01
5.895345367431640625e+04 5.029399108886718750e+01
5.895347448730468750e+04 5.182743835449218750e+01
5.895349530029296875e+04 4.933116149902343750e+01
5.895351611328125000e+04 4.905877685546875000e+01
5.895353692626953125e+04 5.011225891113281250e+01
5.895355780029296875e+04 5.029045104980468750e+01
5.895357861328125000e+04 4.987055969238281250e+01
5.895359942626953125e+04 4.906159973144531250e+01
5.895362030029296875e+04 4.982659912109375000e+01
5.895364111328125000e+04 4.963142395019531250e+01
5.895366192626953125e+04 4.998393249511718750e+01
5.895368280029296875e+04 4.892443847656250000e+01
5.895370361328125000e+04 4.952867126464843750e+01
5.895372442626953125e+04 5.080577087402343750e+01
5.895374530029296875e+04 4.851190185546875000e+01
5.895376611328125000e+04 4.990097045898437500e+01
5.895378692626953125e+04 4.900500488281250000e+01
5.895380780029296875e+04 5.034120178222656250e+01
5.895382861328125000e+04 5.020021057128906250e+01
5.895384942626953125e+04 4.995689392089843750e+01
5.895387030029296875e+04 5.034638977050781250e+01
5.895389111328125000e+04 5.087901306152343750e+01
5.895391192626953125e+04 5.118650817871093750e+01
5.895393280029296875e+04 5.080899047851562500e+01
5.895395361328125000e+04 4.951383972167968750e+01
5.895397442626953125e+04 4.964527893066406250e+01
5.895399530029296875e+04 5.148608398437500000e+01
5.895401611328125000e+04 5.110771179199218750e+01
5.895403692626953125e+04 5.107098388671875000e+01
5.895405780029296875e+04 4.886131286621093750e+01
5.895407861328125000e+04 5.087091064453125000e+01
5.895409942626953125e+04 5.337358093261718750e+01
5.895412030029296875e+04 5.045922851562500000e+01
5.895414111328125000e+04 5.177783203125000000e+01
5.895416192626953125e+04 5.310592651367187500e+01
5.895418280029296875e+04 5.075955200195312500e+01
5.895420361328125000e+04 5.160765075683593750e+01
5.895422442626953125e+04 5.140231323242187500e+01
5.895424530029296875e+04 5.002581787109375000e+01
5.895426611328125000e+04 5.202902221679687500e+01
5.895428692626953125e+04 5.182037353515625000e+01
5.895430780029296875e+04 5.142741394042968750e+01
5.895432861328125000e+04 4.866894531250000000e+01
5.895434942626953125e+04 5.007986450195312500e+01
5.895437030029296875e+04 5.005107116699218750e+01
