# MJD                    obs mag                  de-reddened mag          mag error
5.892857885742187500e+04 1.728871360806140700e+01 1.628871360806140700e+01 1.468253489267298706e+00
5.892882885742187500e+04 1.805962265098444064e+01 1.705962265098444064e+01 1.910092925720407342e+00
5.892907885742187500e+04 1.805871378401739591e+01 1.705871378401739591e+01 1.345068528308200451e+00
5.892932885742187500e+04 1.831914715726281528e+01 1.731914715726281528e+01 1.795868285625163763e+00
5.892957885742187500e+04 1.892618681114043255e+01 1.792618681114043255e+01 2.620253216284550657e+00
5.892982885742187500e+04 1.955428193482877575e+01 1.855428193482877575e+01 3.734195937296338919e+00
5.893007885742187500e+04 2.076940549763356358e+01 1.976940549763356358e+01 1.180558196967621498e+01
5.893032885742187500e+04 1.977165039921356993e+01 1.877165039921356993e+01 4.264894010488710308e+00
5.893057891845703125e+04 2.096047110923373680e+01 1.996047110923373680e+01 1.324876686587591657e+01
5.893082891845703125e+04 nan nan -3.124257230309837041e+01
5.893107891845703125e+04 nan nan -5.926112045505000481e+00
5.893132891845703125e+04 nan nan -5.046344939248058381e+00
5.893157891845703125e+04 nan nan -5.229158190751006963e+00
5.893182891845703125e+04 nan nan -4.515826358931777307e+00
5.893207891845703125e+04 nan nan -3.007530639093845437e+00
5.893232891845703125e+04 nan nan -1.383481754281113529e+00
5.893257891845703125e+04 nan nan -1.110856689880549197e+00
5.893282891845703125e+04 nan nan -1.094372850850868772e+00
5.893307891845703125e+04 nan nan -1.318769587451821490e+00
5.893332891845703125e+04 nan nan -1.771036663628562824e+00
5.893357891845703125e+04 nan nan -2.581559293348115514e+00
5.893382891845703125e+04 nan nan -2.019921336856767002e+00
5.893407891845703125e+04 nan nan -1.856454569696053269e+00
5.893432891845703125e+04 nan nan -1.859906856004050590e+00
5.893457891845703125e+04 nan nan -2.141362556136728212e+00
5.893482891845703125e+04 nan nan -2.346064672934195183e+00
5.893507891845703125e+04 nan nan -2.492085656444289921e+00
5.893532891845703125e+04 nan nan -2.236759055389724526e+00
5.893557891845703125e+04 nan nan -2.139108077877437175e+00
5.893584973144531250e+04 nan nan -5.413500188509443589e+00
5.893609973144531250e+04 nan nan -2.824216637411421704e+00
5.893634973144531250e+04 nan nan -5.932707398250257391e+00
5.893659973144531250e+04 nan nan -3.560687713528069231e+00
5.893684973144531250e+04 2.397125354169234157e+01 2.297125354169234157e+01 1.361882389732987235e+02
5.893709973144531250e+04 2.008000976040536045e+01 1.908000976040536045e+01 3.709174765882294889e+00
5.893734973144531250e+04 1.991580889900222218e+01 1.891580889900222218e+01 3.485273557220651686e+00
5.893759973144531250e+04 1.916477338237518424e+01 1.816477338237518424e+01 1.728414938061426875e+00
5.893784973144531250e+04 1.913005109903284051e+01 1.813005109903284051e+01 1.519449593617776983e+00
5.893809973144531250e+04 1.931301199118933098e+01 1.831301199118933098e+01 1.845181404734482555e+00
5.893834973144531250e+04 1.918407069292942424e+01 1.818407069292942424e+01 2.041696481310623312e+00
5.893859973144531250e+04 1.963899216663035574e+01 1.863899216663035574e+01 2.907609536223397129e+00
5.893884973144531250e+04 1.902196244560280647e+01 1.802196244560280647e+01 1.806692848913150184e+00
5.893909973144531250e+04 1.821221513348957899e+01 1.721221513348957899e+01 1.023856458012038173e+00
5.893934973144531250e+04 1.788020448954578967e+01 1.688020448954578967e+01 9.314609301731798796e-01
5.893959973144531250e+04 1.734617891058761430e+01 1.634617891058761430e+01 5.881529706214767561e-01
5.893984973144531250e+04 1.690654846876918782e+01 1.590654846876918782e+01 4.862409171214894243e-01
5.894009973144531250e+04 1.632641822810720100e+01 1.532641822810720100e+01 2.978520662284517839e-01
5.894034973144531250e+04 1.612179566723430568e+01 1.512179566723430568e+01 2.472662524444518839e-01
5.894159967041015625e+04 1.562311153006834274e+01 1.462311153006834274e+01 3.081471137679113736e-01
5.894287054443359375e+04 1.552534173836402687e+01 1.452534173836402687e+01 2.824441630929048208e-01
5.894312054443359375e+04 1.550608767654380848e+01 1.450608767654380848e+01 2.840485780047009023e-01
5.894341217041015625e+04 1.547314034343407307e+01 1.447314034343407307e+01 2.818325179725571505e-01
5.894443298339843750e+04 1.548709292154755346e+01 1.448709292154755346e+01 1.731801622630412540e-01
5.894468298339843750e+04 1.546084646196349333e+01 1.446084646196349333e+01 1.836596919890287616e-01
5.894493298339843750e+04 1.545588229229487354e+01 1.445588229229487354e+01 1.918024082985095302e-01
5.894518298339843750e+04 1.545362238706864311e+01 1.445362238706864311e+01 1.505568279566992240e-01
5.894543298339843750e+04 1.544676100047005463e+01 1.444676100047005463e+01 1.464647146354687846e-01
5.894568298339843750e+04 1.546100790745603426e+01 1.446100790745603426e+01 1.435352782517700654e-01
5.894593298339843750e+04 1.546717955349440388e+01 1.446717955349440388e+01 1.181881620358672391e-01
5.894618298339843750e+04 1.547532423399175983e+01 1.447532423399175983e+01 1.211563948706641941e-01
5.894643292236328125e+04 1.546491969408787703e+01 1.446491969408787703e+01 1.160914460434415985e-01
5.894668292236328125e+04 1.545448523594687273e+01 1.445448523594687273e+01 1.204378448380833411e-01
5.894693292236328125e+04 1.545041485518555646e+01 1.445041485518555646e+01 1.187539923026016547e-01
5.894718292236328125e+04 1.543359130425347381e+01 1.443359130425347381e+01 1.215008618037817234e-01
5.894743292236328125e+04 1.542004963530319550e+01 1.442004963530319550e+01 1.227279765799811906e-01
5.894768292236328125e+04 1.541731346404225533e+01 1.441731346404225533e+01 1.173917341266152575e-01
5.894793292236328125e+04 1.543112931385394404e+01 1.443112931385394404e+01 1.221064398724099470e-01
5.894818292236328125e+04 1.543030131473043909e+01 1.443030131473043909e+01 1.212136177209165999e-01
5.894843292236328125e+04 1.542507506166247211e+01 1.442507506166247211e+01 1.219930556803806992e-01
5.894868292236328125e+04 1.543774181833137860e+01 1.443774181833137860e+01 1.202455852008446902e-01
5.894893292236328125e+04 1.541911632756854011e+01 1.441911632756854011e+01 1.315718191507645463e-01
5.894918292236328125e+04 1.543595095347621182e+01 1.443595095347621182e+01 1.350640915962234012e-01
5.894945373535156250e+04 1.540575536308509896e+01 1.440575536308509896e+01 1.366872070884856405e-01
5.894970373535156250e+04 1.539546289017073555e+01 1.439546289017073555e+01 1.321512417421803198e-01
5.894995373535156250e+04 1.537442751723573053e+01 1.437442751723573053e+01 1.235429634804799115e-01
5.895020373535156250e+04 1.538142005845807958e+01 1.438142005845807958e+01 1.288902156191046311e-01
5.895045367431640625e+04 1.538170107360410377e+01 1.438170107360410377e+01 1.344570548219958805e-01
5.895070367431640625e+04 1.536370293083214555e+01 1.436370293083214555e+01 1.306463485057810792e-01
5.895095367431640625e+04 1.536222021793084203e+01 1.436222021793084203e+01 1.358722886660687079e-01
5.895120367431640625e+04 1.534646657633737199e+01 1.434646657633737199e+01 1.350085983256656408e-01
5.895145367431640625e+04 1.536441428557853683e+01 1.436441428557853683e+01 1.383199473449386319e-01
5.895170367431640625e+04 1.535340102623622194e+01 1.435340102623622194e+01 1.394924712821133672e-01
5.895195367431640625e+04 1.535266949341730403e+01 1.435266949341730403e+01 1.404920395777457254e-01
5.895220367431640625e+04 1.534707432520141346e+01 1.434707432520141346e+01 1.596474242462031790e-01
5.895245367431640625e+04 1.535517654337204974e+01 1.435517654337204974e+01 1.546309330239589164e-01
5.895270367431640625e+04 1.535269268451275870e+01 1.435269268451275870e+01 1.548517364343679203e-01
5.895295367431640625e+04 1.534116256880744267e+01 1.434116256880744267e+01 1.584150766712735248e-01
5.895320367431640625e+04 1.533141092164751917e+01 1.433141092164751917e+01 1.589840924703914415e-01
5.895345367431640625e+04 1.533071508890134638e+01 1.433071508890134638e+01 1.683858183741841485e-01
5.895370361328125000e+04 1.532579608849787434e+01 1.432579608849787434e+01 1.750737795524316409e-01
5.895395361328125000e+04 1.530944392626535766e+01 1.430944392626535766e+01 1.829577123892859036e-01
5.895420361328125000e+04 1.532278311168566987e+01 1.432278311168566987e+01 2.035404659059556753e-01
