# mjd counts counts_error
5.892762054443359375e+04 nan nan
5.892764135742187500e+04 nan nan
5.892766217041015625e+04 nan nan
5.892768304443359375e+04 nan nan
5.892770385742187500e+04 nan nan
5.892772467041015625e+04 nan nan
5.892774554443359375e+04 nan nan
5.892776635742187500e+04 nan nan
5.892778717041015625e+04 nan nan
5.892780804443359375e+04 nan nan
5.892782885742187500e+04 nan nan
5.892784967041015625e+04 nan nan
5.892787054443359375e+04 nan nan
5.892789135742187500e+04 nan nan
5.892791217041015625e+04 nan nan
5.892793304443359375e+04 nan nan
5.892795385742187500e+04 nan nan
5.892797467041015625e+04 nan nan
5.892799554443359375e+04 nan nan
5.892801635742187500e+04 nan nan
5.892803717041015625e+04 nan nan
5.892805804443359375e+04 nan nan
5.892807885742187500e+04 nan nan
5.892809967041015625e+04 nan nan
5.892812054443359375e+04 nan nan
5.892814135742187500e+04 nan nan
5.892816217041015625e+04 nan nan
5.892818304443359375e+04 nan nan
5.892820385742187500e+04 nan nan
5.892822467041015625e+04 nan nan
5.892824554443359375e+04 nan nan
5.892826635742187500e+04 nan nan
5.892828717041015625e+04 nan nan
5.892830804443359375e+04 nan nan
5.892832885742187500e+04 nan nan
5.892834967041015625e+04 nan nan
5.892837054443359375e+04 nan nan
5.892839135742187500e+04 nan nan
5.892841217041015625e+04 nan nan
5.892843304443359375e+04 nan nan
5.892845385742187500e+04 1.224695281900540778e+01 4.708324942182320427e+01
5.892847467041015625e+04 3.380278764144588877e+01 4.001297301164542120e+01
5.892849554443359375e+04 2.825914341729527379e+01 3.902407557902770208e+01
5.892851635742187500e+04 2.673262988926886408e+01 3.818373700241114221e+01
5.892853717041015625e+04 1.148338063890377114e+01 3.408632019501222032e+01
5.892855804443359375e+04 2.116800635219593474e+01 3.693525165083757855e+01
5.892857885742187500e+04 2.472896794933387454e+01 3.519581665995275443e+01
5.892859967041015625e+04 3.616753497328144817e+01 3.360968081280059749e+01
5.892862054443359375e+04 2.658112012599349683e+01 3.206411723485192056e+01
5.892864135742187500e+04 2.650341452161194766e+01 3.114489496631733800e+01
5.892866217041015625e+04 1.864023035779099402e+01 2.395640532492701880e+01
5.892868304443359375e+04 1.039693362339354010e+01 2.901705464184367145e+01
5.892870385742187500e+04 2.584890230181232695e+01 2.611041428829220479e+01
5.892872467041015625e+04 1.330034412852984005e+01 2.697017848593799627e+01
5.892874554443359375e+04 1.654376602797826123e+01 2.580387074846070661e+01
5.892876635742187500e+04 9.680558041570062500e+00 2.420932873932551033e+01
5.892878717041015625e+04 1.834902492630368798e+01 2.494729904102831242e+01
5.892880804443359375e+04 1.131146623170162613e+01 2.267406910584303859e+01
5.892882885742187500e+04 1.188691645115756401e+01 2.019406330636438085e+01
5.892884967041015625e+04 2.005329898901537078e+01 2.163688602368118552e+01
5.892887054443359375e+04 1.647076390418118308e+01 1.987749875942698807e+01
5.892889135742187500e+04 5.168965661473560402e+00 1.762799829056906020e+01
5.892891217041015625e+04 8.769862017603440307e+00 1.561595120904849843e+01
5.892893304443359375e+04 3.492240953687616667e+00 1.725297348573732847e+01
5.892895385742187500e+04 3.943341617920754771e+00 1.580582607706962506e+01
5.892897467041015625e+04 1.384239580743506437e+01 1.485925560241556553e+01
5.892899554443359375e+04 6.433988288152470147e+00 1.556053812842201545e+01
5.892901635742187500e+04 1.638912030406818232e+01 1.359850729741758535e+01
5.892903717041015625e+04 1.330381118834605658e+01 1.671837375383775992e+01
5.892905804443359375e+04 1.190454240920990259e+01 1.566892896122966761e+01
5.892907885742187500e+04 1.629059931050860754e+01 1.351302326630419159e+01
5.892909967041015625e+04 1.166217297004771680e+01 1.418685114086899191e+01
5.892912054443359375e+04 8.623119530647182174e+00 1.763636162654980666e+01
5.892914135742187500e+04 1.368288975033286192e+01 1.483950325880805465e+01
5.892916217041015625e+04 1.457551540989713956e+01 1.841126680483843003e+01
5.892918304443359375e+04 9.761595026232402716e+00 1.939619288094121430e+01
5.892920385742187500e+04 7.764470364443166517e+00 1.805327247296636273e+01
5.892922467041015625e+04 6.363523785106654174e+00 1.931481860821318364e+01
5.892924554443359375e+04 3.467021881430305541e+00 1.755211077740743519e+01
5.892926635742187500e+04 1.064456061039797063e+01 1.364226635987242275e+01
5.892928717041015625e+04 1.046470066671859556e+01 1.773388768229945711e+01
5.892930804443359375e+04 1.422688344393386117e+01 1.642521769021144351e+01
5.892932885742187500e+04 -4.964065221365299152e-01 1.735058146834440862e+01
5.892934967041015625e+04 1.481659124851305265e+01 1.368659104908473090e+01
5.892937054443359375e+04 1.639543111462537794e+01 1.637836616536056766e+01
5.892939135742187500e+04 9.367510260384793952e+00 1.540771499269863476e+01
5.892941217041015625e+04 1.629658213344133699e+01 1.630888890540160929e+01
5.892943304443359375e+04 4.300020779153790329e+00 1.614224899146303116e+01
5.892945385742187500e+04 3.681134294644724747e+00 1.437507385626539147e+01
5.892947467041015625e+04 2.533698422110006732e+00 1.365711717477018539e+01
5.892949554443359375e+04 1.551054397515289551e+01 1.500264602071523257e+01
5.892951635742187500e+04 1.613982652226559722e+01 1.296447206152528864e+01
5.892953717041015625e+04 1.253776206359481549e+01 1.370654461474421915e+01
5.892955804443359375e+04 5.874991285511184103e+00 1.662226200663193509e+01
5.892957885742187500e+04 9.553608716779525167e+00 1.354527258470071160e+01
5.892959967041015625e+04 4.638712064700538207e+00 1.650081661434705893e+01
5.892962054443359375e+04 1.576901463898977340e+00 1.436541882031688644e+01
5.892964135742187500e+04 5.853998815781420006e+00 1.122181846452976828e+01
5.892966217041015625e+04 5.484492485360842551e+00 1.288922975798302950e+01
5.892968304443359375e+04 -1.184660052257687113e+00 9.774690688971476860e+00
5.892970385742187500e+04 1.237414686087085514e+01 1.367790976127318636e+01
5.892972467041015625e+04 4.929753867845558801e-01 1.138556666178972421e+01
5.892974554443359375e+04 5.382546141887834423e+00 9.494594976370274608e+00
5.892976635742187500e+04 6.793146865854307492e+00 1.354119650969818167e+01
5.892978717041015625e+04 1.461922708822489092e+00 1.040402296564710305e+01
5.892980804443359375e+04 3.788122411055486083e+00 1.030872962448449748e+01
5.892982885742187500e+04 2.761300157812485168e+00 1.040086799694775976e+01
5.892984967041015625e+04 4.641951812384828457e+00 1.343076261624650947e+01
5.892987054443359375e+04 5.797616611472538040e-01 1.315182341353637874e+01
5.892989135742187500e+04 3.596651503883105505e+00 1.045773671072484667e+01
5.892991217041015625e+04 -2.472920531168107061e+00 1.121260368602424329e+01
5.892993304443359375e+04 1.166733492771388825e+00 1.065443654030695697e+01
5.892995385742187500e+04 -2.136135619339967207e-01 1.326572398714788825e+01
5.892997467041015625e+04 3.168364996523944654e+00 1.036616540129503505e+01
5.892999554443359375e+04 4.639391273830785423e+00 1.220899670879266807e+01
5.893001635742187500e+04 2.603503750169871012e-01 1.257946360116164897e+01
5.893003717041015625e+04 2.996805267052414123e+00 1.303632774034398523e+01
5.893005804443359375e+04 2.874823180527751987e+00 1.405230157460517759e+01
5.893007885742187500e+04 1.815842979462630069e+00 9.065112938409598087e+00
5.893009967041015625e+04 -2.381102254356934012e+00 1.305965669552531594e+01
5.893012054443359375e+04 -6.317557920250145287e-01 9.843719281743616989e+00
5.893014135742187500e+04 1.449931069584455301e+01 9.210250388919849485e+00
5.893016217041015625e+04 -6.520805128767323211e+00 8.111358709204953499e+00
5.893018304443359375e+04 -1.242113046707014945e+00 9.702119084371817692e+00
5.893020385742187500e+04 7.797495898367325040e+00 9.692279725088743803e+00
5.893022467041015625e+04 -2.446321156889428750e+00 1.037549405612896258e+01
5.893024554443359375e+04 -3.063145749257728312e+00 1.161715718222427896e+01
5.893026635742187500e+04 6.515222516135843023e+00 9.589114201748795807e+00
5.893028717041015625e+04 1.739470050403962631e+00 1.006793571751873451e+01
5.893030804443359375e+04 2.443812100780782259e-01 1.118207485685579883e+01
5.893032885742187500e+04 -4.848140749878544042e+00 8.361379620217206821e+00
5.893034967041015625e+04 4.439442551727019293e+00 1.195417995147668933e+01
5.893037054443359375e+04 -3.472391457940506854e-01 1.312118332376792118e+01
5.893039141845703125e+04 6.253038259830717038e+00 9.865699849339415906e+00
5.893041223144531250e+04 3.464919976661717804e+00 1.152766938230877791e+01
5.893043304443359375e+04 7.682832200784073251e+00 8.716464382954638879e+00
5.893045391845703125e+04 -4.133500097688070696e+00 1.192607708561644131e+01
5.893047473144531250e+04 -2.040576076386248161e+00 1.227164460088049758e+01
5.893049554443359375e+04 3.151352671350734269e+00 1.127119032025081857e+01
5.893051641845703125e+04 9.974967470328994779e+00 8.062870043400716114e+00
5.893053723144531250e+04 -3.326756051528469982e-01 9.190000222061284418e+00
5.893055804443359375e+04 1.149577874774148967e+00 8.684567001019527055e+00
5.893057891845703125e+04 5.915936335848606120e-01 7.597523859880179309e+00
5.893059973144531250e+04 3.765167616617944191e+00 1.189027568960343828e+01
5.893062054443359375e+04 1.153757346757156910e+00 1.091750363663575030e+01
5.893064141845703125e+04 1.416406376782337162e+00 1.072988109370584198e+01
5.893066223144531250e+04 -1.373899520197312540e-01 9.801525712214182562e+00
5.893068304443359375e+04 -9.965982300899014490e-01 1.051687782126743365e+01
5.893070391845703125e+04 -7.065412505450971992e-01 1.430308502135221183e+01
5.893072473144531250e+04 -3.047241515997354711e+00 8.988139968344022179e+00
5.893074554443359375e+04 -3.435136517473861062e+00 1.010008307990582210e+01
5.893076641845703125e+04 1.532873223738917545e-02 1.084306479747428575e+01
5.893078723144531250e+04 5.436559709279269015e+00 9.616269862671858348e+00
5.893080804443359375e+04 -1.907982257856328800e+00 1.074118304256116652e+01
5.893082891845703125e+04 -3.103566902682675988e+00 9.701868815039958349e+00
5.893084973144531250e+04 -5.314142702591414746e+00 9.920473108983820509e+00
5.893087054443359375e+04 4.046230711317139850e+00 9.969493703761523662e+00
5.893089141845703125e+04 7.064403249814183994e-01 8.597726187280214205e+00
5.893091223144531250e+04 2.625375379441198476e+00 7.878775330870931626e+00
5.893093304443359375e+04 4.288288476698411955e-01 1.092435394242018276e+01
5.893095391845703125e+04 -3.614632877246840792e+00 1.152680218824045255e+01
5.893097473144531250e+04 -3.684685546366601727e+00 9.355152181378620924e+00
5.893099554443359375e+04 1.154714740346467039e+00 1.159645456576422085e+01
5.893101641845703125e+04 -3.557269512981946491e-01 9.092995178392468958e+00
5.893103723144531250e+04 -1.732130698309656935e+00 1.323618167032978121e+01
5.893105804443359375e+04 -7.114568309411257729e-01 9.700619198398724663e+00
5.893107891845703125e+04 -2.701500365751755339e+00 1.101057049733520365e+01
5.893109973144531250e+04 1.009662962637278838e-01 1.415414322246913059e+01
5.893112054443359375e+04 -4.142677414554139403e+00 1.070331702072010494e+01
5.893114141845703125e+04 -2.295192672839156955e+00 7.592041180295445280e+00
5.893116223144531250e+04 -2.755562684458073619e+00 1.097116819417829170e+01
5.893118304443359375e+04 -9.188454368198257782e-01 1.191962361017632865e+01
5.893120391845703125e+04 -2.059994276368502852e+00 1.120973734071579742e+01
5.893122473144531250e+04 -3.474424136345117375e+00 9.045516522498981971e+00
5.893124554443359375e+04 -2.302618494702517893e+00 8.650590313617616545e+00
5.893126641845703125e+04 -2.531233546565783143e+00 8.331833859767977302e+00
5.893128723144531250e+04 -5.470400918427802850e+00 1.254588277770288585e+01
5.893130804443359375e+04 7.666452684802358419e-01 1.351979061971668905e+01
5.893132891845703125e+04 -9.893120008575557733e-01 9.850006750387182208e+00
5.893134973144531250e+04 -4.247734419421497876e+00 1.011816539235839052e+01
5.893137054443359375e+04 -4.817699276881402426e+00 1.067028769283639633e+01
5.893139141845703125e+04 -1.834157374345647185e+00 1.109558298916952879e+01
5.893141223144531250e+04 1.398030969755316377e+00 1.015862816275526193e+01
5.893143304443359375e+04 2.540566021485968662e+00 8.601924226632956305e+00
5.893145391845703125e+04 -1.435126054354736169e+00 1.004169626061240805e+01
5.893147473144531250e+04 -2.067972605288210808e+00 1.043974453024691051e+01
5.893149554443359375e+04 -2.076992218538496360e+00 1.022430417022501814e+01
5.893151641845703125e+04 -6.464166372815384420e+00 8.993185415252996862e+00
5.893153723144531250e+04 8.469073249384742041e-01 1.080674884340800723e+01
5.893155804443359375e+04 -2.360899116739563652e+00 8.823141157706448467e+00
5.893157891845703125e+04 3.020539603508515469e+00 9.797508745606176461e+00
5.893159973144531250e+04 2.428147384218355853e+00 9.970405939281951291e+00
5.893162054443359375e+04 -1.920196769258041058e+00 9.010297505037785371e+00
5.893164141845703125e+04 -6.498446943504566420e+00 9.803375329112460790e+00
5.893166223144531250e+04 -2.337725678733416856e+00 1.082552719032276478e+01
5.893168304443359375e+04 -3.403919495740460377e+00 9.992709100910266429e+00
5.893170391845703125e+04 -3.457198670771578719e+00 8.883088263644966176e+00
5.893172473144531250e+04 -1.188988100711563689e+00 9.364879779671850812e+00
5.893174554443359375e+04 -8.167793911630628401e+00 1.146672236547882129e+01
5.893176641845703125e+04 -6.061798297432503091e+00 1.061761200370886016e+01
5.893178723144531250e+04 -2.010571874807961734e+00 7.820525451905629311e+00
5.893180804443359375e+04 9.438886530663097574e-01 1.059683272232529028e+01
5.893182891845703125e+04 -4.633656583452465227e+00 7.008753894342284241e+00
5.893184973144531250e+04 9.987269742270115103e-01 1.055598068140517398e+01
5.893187054443359375e+04 -3.154843065623067488e+00 6.615020409944928126e+00
5.893189141845703125e+04 -2.376771214394672427e+00 1.038259656802443232e+01
5.893191223144531250e+04 -8.126059301931825019e-01 8.249713909513658905e+00
5.893193304443359375e+04 -1.449913529296427583e+00 8.514681494289803254e+00
5.893195391845703125e+04 -3.263743765945038788e+00 9.256045057572801937e+00
5.893197473144531250e+04 1.814244735000649200e+00 6.825054111070843810e+00
5.893199554443359375e+04 -1.595373282444008112e-01 1.014996494849259534e+01
5.893201641845703125e+04 -1.017347607752313365e+00 1.018886355756915130e+01
5.893203723144531250e+04 -2.053759027394939096e+00 1.013755115892349679e+01
5.893205804443359375e+04 -5.767503810977352430e+00 6.020374089662862360e+00
5.893207891845703125e+04 -4.981208773205690221e+00 1.068665042939842102e+01
5.893209973144531250e+04 -4.337446571463381417e-01 7.899910909715775809e+00
5.893212054443359375e+04 -2.996134915164892831e+00 1.095031837944322284e+01
5.893214141845703125e+04 -3.197265836534068484e+00 5.804239598603867734e+00
5.893216223144531250e+04 -5.558815840891584870e+00 5.585289214679041159e+00
5.893218304443359375e+04 -9.931589714796892565e+00 6.123965200345622861e+00
5.893220391845703125e+04 -8.695951541947625429e+00 5.601027651105715321e+00
5.893222473144531250e+04 -5.064384611694709548e+00 5.441783381104515094e+00
5.893224554443359375e+04 2.073813104284308650e+00 6.438112260136309217e+00
5.893226641845703125e+04 -4.431983482546357322e+00 6.350930356416633948e+00
5.893228723144531250e+04 -1.115514982825775547e+00 7.270367336050756357e+00
5.893230804443359375e+04 -5.707223446647226694e+00 6.017165399920204827e+00
5.893232891845703125e+04 -4.390077367972187616e+00 5.588951240893281991e+00
5.893234973144531250e+04 -1.160189785955752839e+01 6.622706782928521108e+00
5.893237054443359375e+04 -8.466602874219919528e+00 1.285842340361977598e+01
5.893239141845703125e+04 -1.085092649481423877e+01 7.303570267622437662e+00
5.893241223144531250e+04 -1.531054117140040916e+00 5.112272477365457313e+00
5.893243304443359375e+04 -4.641915673810689924e+00 5.972803502817289889e+00
5.893245391845703125e+04 -4.432728329676269396e+00 5.872152774786542295e+00
5.893247473144531250e+04 -6.095141727406076626e+00 5.882461488315398057e+00
5.893249554443359375e+04 -2.710933666896874428e+00 8.297656902425417869e+00
5.893251641845703125e+04 -1.211899605547397840e+00 5.450208587664826076e+00
5.893253723144531250e+04 -6.976065713647674471e+00 3.566254700912688591e+00
5.893255804443359375e+04 -7.094890101262560478e+00 7.464805837651153020e+00
5.893257891845703125e+04 -7.329817015553611981e+00 8.572221640017115618e+00
5.893259973144531250e+04 -8.815452145011182239e+00 9.067963267103671399e+00
5.893262054443359375e+04 -6.160195998361867709e+00 6.791756356613687373e+00
5.893264141845703125e+04 -5.211849734710167326e+00 5.235112601385028874e+00
5.893266223144531250e+04 -5.845437772345576377e+00 4.715522136201252934e+00
5.893268304443359375e+04 -9.243468842178724998e+00 6.656425802863757291e+00
5.893270391845703125e+04 -7.981433888281490141e+00 6.799741518748382951e+00
5.893272473144531250e+04 -4.247863005233458722e+00 4.683950115931045488e+00
5.893274554443359375e+04 -6.508893966592779634e+00 6.025170054339937131e+00
5.893276641845703125e+04 -1.100614782263276936e+01 8.984367813103588674e+00
5.893278723144531250e+04 -3.661741904651993451e+00 6.581479625034805991e+00
5.893280804443359375e+04 -4.637187212406228554e+00 4.804803653109092743e+00
5.893282891845703125e+04 -5.481318943902618201e+00 4.956808432951274490e+00
5.893284973144531250e+04 -7.123585692206464870e+00 6.503046628937508622e+00
5.893287054443359375e+04 -6.472370933208646981e+00 1.278066911528116201e+01
5.893289141845703125e+04 -1.073453121752173445e+01 7.815736416223066918e+00
5.893291223144531250e+04 -5.565079730736417929e+00 9.301629868448191729e+00
5.893293304443359375e+04 -8.658279619958960893e+00 4.766242260711091916e+00
5.893295391845703125e+04 -4.904650059353112823e+00 5.205530688596121003e+00
5.893297473144531250e+04 -7.455125748681222575e+00 6.362083338899842566e+00
5.893299554443359375e+04 -5.330981637716657673e+00 6.658852681057056522e+00
5.893301641845703125e+04 -1.073320003029100533e+01 4.747977773175764860e+00
5.893303723144531250e+04 -1.140374024808926734e+01 1.065428685058738623e+01
5.893305804443359375e+04 -6.058097524748593088e+00 1.123315826091684677e+01
5.893307891845703125e+04 -1.047917404637297523e+01 8.302023957538445131e+00
5.893309973144531250e+04 -8.869164257348526093e+00 1.158450496658898388e+01
5.893312054443359375e+04 -4.025284652771574656e+00 6.995498260669807955e+00
5.893314141845703125e+04 -1.238997114864490712e+00 9.177680756381045413e+00
5.893316223144531250e+04 -3.542529828219887378e+00 6.404848442877576709e+00
5.893318304443359375e+04 -6.536273678103675877e+00 1.439149705161015547e+01
5.893320391845703125e+04 -8.861540337116759147e+00 1.013657706099027678e+01
5.893322473144531250e+04 -7.981283070448068173e+00 1.175693946647741583e+01
5.893324554443359375e+04 -9.962145782218081891e+00 1.555013397500391292e+01
5.893326641845703125e+04 -7.847298938954462955e+00 1.432227546966431220e+01
5.893328723144531250e+04 -9.446152301874576551e+00 1.685126430704378464e+01
5.893330804443359375e+04 -1.468929235393653343e+01 1.439801794931087642e+01
5.893332891845703125e+04 -1.129582071294147916e+01 2.403258675532650557e+01
5.893334973144531250e+04 -1.131544044988047659e+01 2.195121392857415188e+01
5.893337054443359375e+04 -1.202375760000738936e+01 2.066282758737052916e+01
5.893339141845703125e+04 -1.892079126720310001e+01 1.887288834713936225e+01
5.893341223144531250e+04 -2.005443763882699315e+01 2.639313104133578491e+01
5.893343304443359375e+04 -7.467027486665332781e+00 1.782441279769289721e+01
5.893345391845703125e+04 -6.959465569480208558e+00 1.619446983665211448e+01
5.893347473144531250e+04 -9.326118232228783000e+00 2.419578327872917711e+01
5.893349554443359375e+04 -9.877180705816297035e+00 2.232536476420192173e+01
5.893351641845703125e+04 -1.236025277060199201e+01 2.096082434420719309e+01
5.893353723144531250e+04 -1.393001486558598856e+01 2.703225255221973811e+01
5.893355804443359375e+04 -1.677898843551585983e+01 2.825943346235349907e+01
5.893357891845703125e+04 -1.469228272704390648e+01 2.470362568567260908e+01
5.893359973144531250e+04 -9.757144215113665808e+00 2.394367698246402654e+01
5.893362054443359375e+04 -6.492137550874108598e+00 1.872903562170564840e+01
5.893364141845703125e+04 -7.396478573847151239e+00 3.069482530171478274e+01
5.893366223144531250e+04 -1.036901507894373609e+01 1.429317744426860415e+01
5.893368304443359375e+04 -1.417262890912867235e+01 2.804633248227711917e+01
5.893370391845703125e+04 -1.089455239401417153e+01 2.545512619206120775e+01
5.893372473144531250e+04 -1.389022467588560517e+01 2.690658325751156354e+01
5.893374554443359375e+04 -1.106037025538257623e+01 2.757781063978751845e+01
5.893376641845703125e+04 -1.157287876285715633e+01 2.135862359835229540e+01
5.893378723144531250e+04 -1.397333726079157934e+01 3.149548019522341491e+01
5.893380804443359375e+04 -1.690753148177578780e+01 3.006774100513562686e+01
5.893382891845703125e+04 -1.822364492788343782e+01 2.494495356920467444e+01
5.893384973144531250e+04 -1.357923567847732471e+01 2.353796848242067341e+01
5.893387054443359375e+04 -1.351151796673955907e+01 1.739237797675369279e+01
5.893389141845703125e+04 -1.791538498007489011e+01 3.436958344216399297e+01
5.893391223144531250e+04 -8.792131866695644504e+00 1.632598308749316374e+01
5.893393304443359375e+04 -1.313170736284754092e+01 2.321918332578468025e+01
5.893395391845703125e+04 -1.502364013280030264e+01 2.729341260519191437e+01
5.893397473144531250e+04 -1.081398947880251704e+01 2.921932418178312219e+01
5.893399554443359375e+04 -1.123524110154930256e+01 2.686656148976509684e+01
5.893401641845703125e+04 -1.188389896299123549e+01 2.459672272073843757e+01
5.893403723144531250e+04 -1.550200751327972526e+01 2.386721762598848429e+01
5.893405804443359375e+04 -1.400762625806290274e+01 1.667721979019120937e+01
5.893407891845703125e+04 -1.710233253278441268e+01 3.147035045748271642e+01
5.893409973144531250e+04 -1.580388684445752645e+01 3.140217687301533189e+01
5.893412054443359375e+04 -1.629645262926590377e+01 2.258935895318213838e+01
5.893414141845703125e+04 -1.864704974734629417e+01 2.250124144842349239e+01
5.893416223144531250e+04 -1.065607366853906868e+01 2.210445119497375899e+01
5.893418304443359375e+04 -9.594155024734380532e+00 2.504261593186525303e+01
5.893420391845703125e+04 -1.561004542293037645e+01 2.564253243365860868e+01
5.893422473144531250e+04 -1.290340438384653865e+01 2.346571340348874912e+01
5.893424554443359375e+04 -1.497301193342904213e+01 1.760180489566730699e+01
5.893426641845703125e+04 -1.750562661120988750e+01 2.725927347473886186e+01
5.893428723144531250e+04 -1.314833466054015076e+01 2.097184010599990245e+01
5.893430804443359375e+04 -1.724379837566241136e+01 3.681126745002495682e+01
5.893432891845703125e+04 -1.258260365413537940e+01 2.829361930058160368e+01
5.893434973144531250e+04 -1.465147100643538636e+01 3.694495588341074210e+01
5.893437054443359375e+04 -8.359854599304718192e+00 2.510428393596534136e+01
5.893439141845703125e+04 -1.416130425279285276e+01 1.873177245076085029e+01
5.893441223144531250e+04 -1.725743049780389882e+01 2.626683657243307124e+01
5.893443304443359375e+04 -1.497240807699825282e+01 2.406814631758568268e+01
5.893445391845703125e+04 -1.058614543248539874e+01 2.279416809671878852e+01
5.893447473144531250e+04 -1.283817424471092394e+01 2.244262091094000766e+01
5.893449554443359375e+04 -9.125684429258971164e+00 2.689489348121900747e+01
5.893451641845703125e+04 -5.706763863792172486e+00 1.915846469172065980e+01
5.893453723144531250e+04 -1.364661294182041651e+01 1.972392107613927337e+01
5.893455804443359375e+04 -9.356530293381538854e+00 1.254716090701510112e+01
5.893457891845703125e+04 -1.098591420214839331e+01 1.960837610746771276e+01
5.893459973144531250e+04 -3.191186530052094739e+00 1.306361066852004882e+01
5.893462054443359375e+04 -7.010379924618728609e+00 1.924033152603863073e+01
5.893464141845703125e+04 -7.936335152688798189e+00 2.766954861719272074e+01
5.893466223144531250e+04 -1.270964068991465368e+01 1.774920003661424417e+01
5.893468304443359375e+04 -1.775907844211555187e+01 3.426889290149971856e+01
5.893470391845703125e+04 -1.230769158002876296e+01 1.956188819587649164e+01
5.893472473144531250e+04 -1.101175037390880007e+01 2.429949019350965855e+01
5.893474554443359375e+04 -7.036911484726356747e+00 2.320336533229850673e+01
5.893476641845703125e+04 -1.132406133220273148e+01 2.311166597374345955e+01
5.893478723144531250e+04 -1.472677206217241874e+01 2.408208305551227468e+01
5.893480804443359375e+04 -1.606022870952038772e+01 3.095484980921224150e+01
5.893482891845703125e+04 -1.024863582872808720e+01 3.265697858049315272e+01
5.893484973144531250e+04 -9.348205984152681225e+00 2.661585610963318160e+01
5.893487054443359375e+04 -2.003411896430353423e+01 3.524974418054900127e+01
5.893489141845703125e+04 -1.859642312995686808e+01 2.978102888582736796e+01
5.893491223144531250e+04 -1.379224529791319398e+01 3.970577037765530548e+01
5.893493304443359375e+04 -2.213270264687288247e+01 4.340065134432411753e+01
5.893495391845703125e+04 -2.495213972380930656e+01 4.739204344985811446e+01
5.893497473144531250e+04 -2.128576838309922792e+01 4.332012309805337225e+01
5.893499554443359375e+04 -1.375222329513595021e+01 3.597540226923807438e+01
5.893501641845703125e+04 -2.004902320305487606e+01 3.612552640503086820e+01
5.893503723144531250e+04 -1.238765132898426025e+01 2.094899196977705458e+01
5.893505804443359375e+04 -1.563973390418187215e+01 2.556014542466244421e+01
5.893507891845703125e+04 -1.194014332340850260e+01 3.198121119351249675e+01
5.893509973144531250e+04 -1.844568329423993092e+01 3.580727632448798659e+01
5.893512054443359375e+04 -1.485503416132629440e+01 2.767280603833470565e+01
5.893514141845703125e+04 -1.467862772295291407e+01 3.590900991795747643e+01
5.893516223144531250e+04 -1.100044492111655359e+01 2.734138997712363661e+01
5.893518304443359375e+04 -1.271273494109376401e+01 3.175148796710003651e+01
5.893520391845703125e+04 -1.174806307022783258e+01 3.152173289917173093e+01
5.893522473144531250e+04 -2.473755421773721253e+01 5.126468402292454840e+01
5.893524554443359375e+04 -1.957024743413161971e+01 3.549295481757435766e+01
5.893526641845703125e+04 -1.865626293722199591e+01 4.322919890153902855e+01
5.893528723144531250e+04 -1.377335899971289734e+01 4.199558634195392415e+01
5.893530804443359375e+04 -1.616203163280594524e+01 3.282626939514841524e+01
5.893532891845703125e+04 -1.489910796230718049e+01 2.890269993502986523e+01
5.893534973144531250e+04 -8.710334153177875294e+00 2.626701695010214621e+01
5.893537054443359375e+04 -1.792672444852209424e+01 4.034645861668018796e+01
5.893539141845703125e+04 -1.059374037938658475e+01 3.081401762797431942e+01
5.893541223144531250e+04 -1.806008689909288378e+01 3.473435593961639256e+01
5.893543304443359375e+04 -2.072108390261720245e+01 4.866670362376461156e+01
5.893545391845703125e+04 -2.073026115874438702e+01 3.739826632711606180e+01
5.893547473144531250e+04 -1.335693631807770387e+01 2.862502278381758458e+01
5.893549554443359375e+04 -1.922149389281559806e+01 3.852177915683213172e+01
5.893551641845703125e+04 -1.453821673798797853e+01 3.091230859575262002e+01
5.893553723144531250e+04 -1.849093746845923292e+01 4.194658495418735811e+01
5.893555804443359375e+04 -1.849837775003756590e+01 3.648927207832898745e+01
5.893557891845703125e+04 -4.750678179325163342e+00 3.076373228542505345e+01
5.893559973144531250e+04 -1.676637756623392406e+01 2.922866951713712069e+01
5.893562054443359375e+04 -1.821194552667178712e+01 3.252425986235830635e+01
5.893564141845703125e+04 -7.886629753290666400e+00 1.887434974409809740e+01
5.893568304443359375e+04 -2.860786454960621228e+00 8.903093316089597309e+00
5.893570391845703125e+04 2.182277442458147476e+00 7.341794264574644124e+00
5.893572473144531250e+04 -4.062514374818277929e-01 7.008259952741191512e+00
5.893574554443359375e+04 -3.852292189547863899e+00 5.645050985279643996e+00
5.893576641845703125e+04 -9.350264312009635148e-01 7.496197115145227130e+00
5.893578723144531250e+04 -1.352117864182366347e+00 7.632398415575159412e+00
5.893580804443359375e+04 -5.102304670457559865e+00 8.076822713976497425e+00
5.893582891845703125e+04 -1.091711336151771405e+00 8.265033932646437265e+00
5.893584973144531250e+04 4.319311498831414298e+00 7.086009349179559713e+00
5.893587054443359375e+04 -1.117217163850465766e+00 1.088704465009800515e+01
5.893589141845703125e+04 -3.624468984526266979e+00 7.983585336733248994e+00
5.893591223144531250e+04 -1.779837126561671923e+00 9.163171098808859938e+00
5.893593304443359375e+04 -4.088066738374728004e+00 6.965773033208755294e+00
5.893595391845703125e+04 -3.183742740224086987e+00 8.138775232459771303e+00
5.893597473144531250e+04 -4.680963651684894700e+00 7.264031425574885681e+00
5.893599554443359375e+04 -6.717855076324854124e+00 8.477951343487875491e+00
5.893601641845703125e+04 -3.301212948732366925e+00 8.937281607626129443e+00
5.893603723144531250e+04 -2.896011270618618738e+00 8.895636518855162933e+00
5.893605804443359375e+04 -3.391271698962739833e+00 8.136363228680330906e+00
5.893607891845703125e+04 1.266510183773794651e+00 8.023926979661046843e+00
5.893609973144531250e+04 2.874410804677431486e+00 6.657216195472093645e+00
5.893612054443359375e+04 -3.810950165172030779e+00 5.708463306424162553e+00
5.893614141845703125e+04 -1.911970223013440773e+00 8.809462168381585911e+00
5.893616223144531250e+04 1.988819238073748608e+00 8.096290499831653165e+00
5.893618304443359375e+04 -3.589143975261517738e+00 7.186121708429747734e+00
5.893620391845703125e+04 -2.832091114995703762e+00 6.847638888444214089e+00
5.893622473144531250e+04 -9.496237565233407452e-01 8.844888030739735285e+00
5.893624554443359375e+04 -3.664424180788671492e+00 7.135854155457062475e+00
5.893626641845703125e+04 -7.694646629933892257e-01 7.871709596735493975e+00
5.893628723144531250e+04 -3.605837826066196072e+00 8.300856803445515908e+00
5.893630804443359375e+04 -1.621759389425701414e+00 5.304204306044310258e+00
5.893632891845703125e+04 -2.545129159489512460e+00 6.947999400918044799e+00
5.893634973144531250e+04 1.658313002867426889e+00 7.102617817936081934e+00
5.893637054443359375e+04 6.969837810618884077e-03 6.876051041229958471e+00
5.893639141845703125e+04 -5.724039943409350073e+00 6.916088053767263766e+00
5.893641223144531250e+04 -2.394986671220916463e+00 6.820960974493678997e+00
5.893643304443359375e+04 2.467498709299672299e+00 5.982518611541436826e+00
5.893645391845703125e+04 -6.447438366065583182e-02 7.489795779633068307e+00
5.893647473144531250e+04 2.759456032754787458e+00 7.054321352402833867e+00
5.893649554443359375e+04 1.293603059417627321e-01 7.634666338797700291e+00
5.893651641845703125e+04 -2.112642663780981422e-01 7.182754168066384892e+00
5.893653723144531250e+04 -1.164589726396396685e+00 5.862223126991163547e+00
5.893655804443359375e+04 -4.115659327533867540e+00 6.636493580603033848e+00
5.893657891845703125e+04 -8.966254961303263826e-01 7.107477979003105517e+00
5.893659973144531250e+04 -3.153671097266730783e+00 8.137861237392243652e+00
5.893662054443359375e+04 -7.013027540777605040e+00 7.240109512253802393e+00
5.893664141845703125e+04 -3.909900041557225592e+00 6.961902013545975265e+00
5.893666223144531250e+04 -5.123654642182360774e+00 7.194634969699384541e+00
5.893668304443359375e+04 -5.042539586018612852e-01 5.975931688438230083e+00
5.893670391845703125e+04 -3.315092941941456317e+00 6.776301453119849327e+00
5.893672473144531250e+04 2.676390873944036741e-01 6.747298368284035952e+00
5.893674554443359375e+04 1.407934282100281820e+00 7.250129923798981579e+00
5.893676641845703125e+04 1.643874629825170075e+00 6.896769252960925911e+00
5.893678723144531250e+04 -1.739833729569276954e+00 6.188970970507777558e+00
5.893680804443359375e+04 2.746961331152885322e+00 8.108989370387591933e+00
5.893682891845703125e+04 7.555753805875653484e-02 8.607884089704413100e+00
5.893684973144531250e+04 -2.019865272280370050e+00 6.474573524117515966e+00
5.893687054443359375e+04 3.321733345902710965e-02 8.101801360663925422e+00
5.893689141845703125e+04 8.124387846246641232e-01 7.207039560800225786e+00
5.893691223144531250e+04 -5.418319588238666995e-01 5.407613714951639672e+00
5.893693304443359375e+04 -1.967923770609241174e+00 5.997055930884272357e+00
5.893695391845703125e+04 -2.244723022601064599e+00 4.575315732965944626e+00
5.893697473144531250e+04 1.727380443393304432e+00 7.281610790464522864e+00
5.893699554443359375e+04 2.190273685059993980e+00 5.105739361165684720e+00
5.893701641845703125e+04 -2.824463585855728098e+00 6.905962618402027076e+00
5.893703723144531250e+04 3.525070467154417742e+00 6.477825976867958246e+00
5.893705804443359375e+04 5.067174460125833946e-01 8.134307655558902894e+00
5.893707891845703125e+04 -3.811338209722894277e-01 8.435510535835067714e+00
5.893709973144531250e+04 2.426394398520990592e+00 7.400156185759082739e+00
5.893712054443359375e+04 -1.164239971277407193e+00 4.159142574757278332e+00
5.893714141845703125e+04 -6.969837810618884077e-03 6.391089398324234949e+00
5.893716223144531250e+04 2.921936609041623001e+00 6.264516968491113502e+00
5.893718304443359375e+04 4.288975706503915575e+00 4.820621072703954013e+00
5.893720391845703125e+04 2.983284490598967054e+00 7.579711234343304405e+00
5.893722473144531250e+04 6.141437046589715010e-01 8.705180266945566459e+00
5.893724554443359375e+04 2.822730146131357643e+00 6.264108710470153163e+00
5.893726641845703125e+04 4.611794247369882527e+00 6.966536334496601590e+00
5.893728723144531250e+04 -4.056724477989508415e-01 6.096757812224668172e+00
5.893730804443359375e+04 2.900870804753630239e+00 7.306493897571785467e+00
5.893732891845703125e+04 6.323791867028676350e+00 8.178963433927947335e+00
5.893734973144531250e+04 2.156460925623679969e+00 8.708496016436107823e+00
5.893737054443359375e+04 -2.683042812588602999e-01 9.101826771577291808e+00
5.893739141845703125e+04 2.400826666863782322e+00 6.096542786478194031e+00
5.893741223144531250e+04 -1.827587193156396950e-01 7.322652546231916304e+00
5.893743304443359375e+04 -8.912292526510157131e-02 8.042458574445079833e+00
5.893745391845703125e+04 9.273490578719949085e+00 6.880931650387850596e+00
5.893747473144531250e+04 4.391782232201702385e+00 7.472969824111266313e+00
5.893749554443359375e+04 4.937246739249836480e+00 7.554079871766635534e+00
5.893751641845703125e+04 3.278106737638299961e+00 7.594568513116215946e+00
5.893753723144531250e+04 6.886205755742667023e+00 6.374112250252212952e+00
5.893755804443359375e+04 1.517612716495829517e+00 7.267383313025149505e+00
5.893757891845703125e+04 4.601320157401010746e+00 6.943642531015989050e+00
5.893759973144531250e+04 4.500340569154975157e+00 6.305467361492884670e+00
5.893762054443359375e+04 1.565077535692356747e+00 7.221814239755083520e+00
5.893764141845703125e+04 5.813385933008156314e+00 7.496887417640895279e+00
5.893766223144531250e+04 4.240072471093103701e+00 5.275648207899878095e+00
5.893768304443359375e+04 5.734784860047481558e+00 8.214159361414772320e+00
5.893770391845703125e+04 4.676170550893507638e+00 6.855598468552825508e+00
5.893772473144531250e+04 1.773417864204544614e+00 7.661256440797140854e+00
5.893774554443359375e+04 9.440164814924314030e+00 6.379778144443737808e+00
5.893776641845703125e+04 7.893975557884997940e+00 6.734148590798270995e+00
5.893778723144531250e+04 6.753787370484683805e+00 6.446431206502199807e+00
5.893780804443359375e+04 7.361040866870709465e+00 6.406345574401245635e+00
5.893782891845703125e+04 5.405660188965658364e+00 6.704955056351352027e+00
5.893784973144531250e+04 3.991779692104021393e+00 5.983788340534079708e+00
5.893787054443359375e+04 7.768725398373774738e-01 8.460408065660425692e+00
5.893789141845703125e+04 1.068023786411206544e+00 8.613192578217084616e+00
5.893791223144531250e+04 3.295631041668336536e+00 7.599830476294506809e+00
5.893793304443359375e+04 1.098691720669907923e+01 6.038492765042740018e+00
5.893795391845703125e+04 -8.069825546988749210e-01 5.919895594790641979e+00
5.893797473144531250e+04 3.755115473353203726e+00 6.925411505466101403e+00
5.893799554443359375e+04 6.170341620215328504e+00 4.153208676945969735e+00
5.893801641845703125e+04 1.474600904623162734e+00 6.033595760945476449e+00
5.893803723144531250e+04 2.296965558247723749e+00 7.291524478017029409e+00
5.893805804443359375e+04 1.551840192317420986e+00 6.568564962749765535e+00
5.893807891845703125e+04 6.413965623496599378e+00 5.209770145981169165e+00
5.893809973144531250e+04 4.184970395767308560e+00 8.611850010507913211e+00
5.893812054443359375e+04 9.082694561430486146e+00 7.403234453789327318e+00
5.893814141845703125e+04 3.562277964676464848e+00 6.985544316060234848e+00
5.893816223144531250e+04 1.031895527524564926e+00 7.366405177711913055e+00
5.893818304443359375e+04 4.706861430322124562e+00 6.204020995524728299e+00
5.893820391845703125e+04 1.042234320473946241e+01 6.491109862319836665e+00
5.893822473144531250e+04 4.407811032869334511e+00 7.090919763604558668e+00
5.893824554443359375e+04 4.347775363480725019e+00 8.491053220101806076e+00
5.893826641845703125e+04 5.873471790115555535e+00 8.229972325093996233e+00
5.893828723144531250e+04 7.375915349360981921e+00 7.209763238356038606e+00
5.893830804443359375e+04 5.044120036588914502e+00 6.440555627186618004e+00
5.893832891845703125e+04 3.816494329004175512e+00 6.811656069430623184e+00
5.893834973144531250e+04 5.153335765087927456e+00 8.496956459341292955e+00
5.893837054443359375e+04 5.015275095322007104e+00 9.398228280717841443e+00
5.893839141845703125e+04 4.533510622672427104e+00 8.463587800840155495e+00
5.893841223144531250e+04 3.299215425200674900e+00 8.350316794385976849e+00
5.893843304443359375e+04 3.381396653972783994e+00 9.473356636192930225e+00
5.893845391845703125e+04 1.135571850748277711e+00 9.027176992233037822e+00
5.893847473144531250e+04 -2.458782808619002225e+00 6.286991507337578611e+00
5.893849554443359375e+04 5.901308179694968459e+00 7.964040546989012093e+00
5.893851641845703125e+04 5.455696080634668377e+00 8.327392163642619138e+00
5.893853723144531250e+04 7.066937087277224805e+00 7.784666106686030318e+00
5.893855804443359375e+04 2.854701041178167031e-01 8.342651013484834621e+00
5.893857891845703125e+04 5.962066317749510347e-01 7.268078340033688356e+00
5.893859973144531250e+04 4.668249517346705346e+00 5.894603707621694610e+00
5.893862054443359375e+04 2.539391419476732636e+00 9.575521594029035910e+00
5.893864141845703125e+04 3.341364156190941515e+00 7.539631430510028487e+00
5.893866223144531250e+04 4.092032849487274859e+00 7.659452425233647332e+00
5.893868304443359375e+04 2.031258579229540118e+00 8.310743661041312791e+00
5.893870391845703125e+04 1.971029956025166285e+00 8.741039837518719935e+00
5.893872473144531250e+04 4.195951126755881333e+00 8.496225074918511311e+00
5.893874554443359375e+04 5.543771634795195524e+00 8.258774587366458420e+00
5.893876641845703125e+04 1.065748004352478517e+00 6.595493660019055682e+00
5.893878723144531250e+04 2.813897114983506142e+00 1.204152814723297382e+01
5.893880804443359375e+04 4.667788262554186218e+00 9.080235807243246526e+00
5.893882891845703125e+04 9.023738110092704545e+00 8.180446427348249117e+00
5.893884973144531250e+04 1.385881467898428809e+00 9.283206432211184023e+00
5.893887054443359375e+04 5.174908678057636990e+00 8.279360761099963995e+00
5.893889141845703125e+04 5.206230591634454896e+00 8.527770140099372398e+00
5.893891223144531250e+04 5.381513955249399572e+00 8.746711451220846811e+00
5.893893304443359375e+04 1.147216743640162306e+01 1.081426460961617408e+01
5.893895391845703125e+04 6.788035770446020578e+00 1.057441199331443826e+01
5.893897473144531250e+04 5.558705717940487290e+00 1.006190974705174135e+01
5.893899554443359375e+04 6.372214011930068978e+00 7.749309033085586051e+00
5.893901641845703125e+04 5.435909096280024499e+00 1.088619553844400833e+01
5.893903723144531250e+04 1.266771406472144790e+01 1.035865907640232209e+01
5.893905804443359375e+04 1.178533751944941876e+01 8.507391266561969090e+00
5.893907891845703125e+04 1.235006002362182187e+01 8.355979198595717250e+00
5.893909973144531250e+04 1.179650261830750324e+01 1.116142460376516077e+01
5.893912054443359375e+04 9.136755428020453706e+00 9.880488134953266055e+00
5.893914141845703125e+04 1.468611678742773208e+01 1.027891742962140320e+01
5.893916223144531250e+04 8.673435759210679663e+00 1.278598677144526441e+01
5.893918304443359375e+04 1.109269620700031389e+01 1.183587879952026256e+01
5.893920391845703125e+04 1.079217233654730279e+01 1.144642237674574581e+01
5.893922473144531250e+04 1.246449358455859979e+01 1.286149008456816567e+01
5.893924554443359375e+04 1.368893062443042652e+01 1.138181276676595388e+01
5.893926641845703125e+04 1.088680942590024969e+01 1.424646666941403339e+01
5.893928723144531250e+04 1.771852177953316954e+01 1.225320136617982847e+01
5.893930804443359375e+04 1.528333730486042086e+01 9.982546591498584476e+00
5.893932891845703125e+04 1.484584206174244159e+01 1.575334985000432475e+01
5.893934973144531250e+04 1.839274534143912376e+01 1.410412409660496458e+01
5.893937054443359375e+04 1.850625761669395786e+01 1.244139349684812501e+01
5.893939141845703125e+04 1.486727403424552207e+01 1.475636172758998654e+01
5.893941223144531250e+04 1.432967351608244755e+01 1.262960677286616828e+01
5.893943304443359375e+04 1.260766824171047773e+01 1.642793999800986171e+01
5.893945391845703125e+04 1.642615983162553661e+01 1.194836619204212447e+01
5.893947473144531250e+04 1.688264589801631743e+01 1.548571091318541448e+01
5.893949554443359375e+04 1.818867390437513265e+01 1.333501930260430512e+01
5.893951641845703125e+04 2.013807635596257128e+01 1.101382582923473485e+01
5.893953723144531250e+04 2.179974160690579055e+01 1.326910567181078093e+01
5.893955804443359375e+04 2.262638468353508969e+01 1.120080682522547022e+01
5.893957891845703125e+04 2.696963817588695278e+01 1.200757482384157093e+01
5.893959973144531250e+04 2.426036099533319046e+01 1.305322898384953056e+01
5.893962054443359375e+04 2.581112814606958850e+01 9.993228585836481770e+00
5.893964141845703125e+04 2.433092929299376195e+01 1.577513094110798697e+01
5.893966223144531250e+04 2.892579046428673095e+01 1.107212083492257726e+01
5.893968304443359375e+04 3.267193246555858366e+01 1.337540018518111751e+01
5.893970391845703125e+04 2.973116851594062027e+01 1.611827391677702437e+01
5.893972473144531250e+04 3.420196485029377698e+01 1.540384230755755191e+01
5.893974554443359375e+04 3.515374513808144741e+01 1.498841698131749034e+01
5.893976641845703125e+04 3.501691460742468109e+01 1.457020480936012063e+01
5.893978723144531250e+04 4.333531753808117060e+01 1.536959190121329044e+01
5.893980804443359375e+04 3.871491655451181657e+01 1.446351407069709616e+01
5.893982891845703125e+04 3.769307653918630763e+01 1.776474723118746013e+01
5.893984973144531250e+04 4.249481109072924312e+01 1.706134675653146004e+01
5.893987054443359375e+04 4.941472301722357940e+01 1.556269693521506881e+01
5.893989141845703125e+04 4.852818314575000613e+01 1.812852180989638384e+01
5.893991223144531250e+04 2.620944170267168616e+01 2.420037177476632451e+01
5.893993304443359375e+04 4.533357602879913628e+00 4.186674116835165904e+01
5.893995391845703125e+04 -6.265523749916999563e+00 5.349725212566935539e+01
5.893997473144531250e+04 3.017102642824606917e+01 2.001623679881872420e+01
5.893999554443359375e+04 4.808763233997756004e+01 1.467049493407523286e+01
5.894001641845703125e+04 5.573093353986365628e+01 2.821371229714328166e+01
5.894003723144531250e+04 5.683978550485062442e+01 1.709891766210804676e+01
5.894005804443359375e+04 5.757890095353138804e+01 2.026597605229931176e+01
5.894007891845703125e+04 5.987878757237082539e+01 1.749785225981639059e+01
5.894009973144531250e+04 6.441880134367242761e+01 1.894902078448219029e+01
5.894012054443359375e+04 6.781173221682961127e+01 1.591250737018302530e+01
5.894014141845703125e+04 7.193264586081187417e+01 1.455827396175628685e+01
5.894016223144531250e+04 7.397962293051189420e+01 1.545207994328201195e+01
5.894018304443359375e+04 6.816922429435363995e+01 1.637630498119206734e+01
5.894020391845703125e+04 7.676874201461252767e+01 1.699987495769381951e+01
5.894022473144531250e+04 7.470949243739630674e+01 1.517444295979109903e+01
5.894024554443359375e+04 7.373719670733711951e+01 1.525059067361406662e+01
5.894026641845703125e+04 7.536667443577127301e+01 1.365238934721540609e+01
5.894028723144531250e+04 7.128536909981225733e+01 1.276044386483401993e+01
5.894030804443359375e+04 7.132811822910781530e+01 1.613703557222005358e+01
5.894032891845703125e+04 6.519117144649682416e+01 1.775861578064621327e+01
5.894034973144531250e+04 6.144830735623546047e+01 1.974356198759852177e+01
5.894137054443359375e+04 9.679660283366216333e+01 1.641982572414186947e+01
5.894139135742187500e+04 9.855269292545813187e+01 1.848901026425058447e+01
5.894141217041015625e+04 9.532719835891666094e+01 3.576789298766653502e+01
5.894143304443359375e+04 1.035582899553163827e+02 2.196125289307570227e+01
5.894145385742187500e+04 1.123991868635475129e+02 1.908052626311664568e+01
5.894147467041015625e+04 1.097727352379290124e+02 2.120267948856298901e+01
5.894149554443359375e+04 1.067420772338490735e+02 2.215370459799677150e+01
5.894151635742187500e+04 1.117331372661985966e+02 2.167414918250633349e+01
5.894153717041015625e+04 1.165315900365360307e+02 2.625469955659119137e+01
5.894155804443359375e+04 1.115807847241304103e+02 3.105420325917671320e+01
5.894157885742187500e+04 1.247933564284964518e+02 3.010202798751231867e+01
5.894159967041015625e+04 1.210350107470021470e+02 3.720252274937546133e+01
5.894162054443359375e+04 1.246781403912723647e+02 3.637051928234431131e+01
5.894164135742187500e+04 1.143552454071111271e+02 3.905172838569441041e+01
5.894166217041015625e+04 1.235681265810146954e+02 4.083049774745983029e+01
5.894168304443359375e+04 1.213911118414535792e+02 4.252114333282240466e+01
5.894170385742187500e+04 nan nan
5.894172467041015625e+04 nan nan
5.894174554443359375e+04 nan nan
5.894176635742187500e+04 nan nan
5.894178717041015625e+04 nan nan
5.894180804443359375e+04 nan nan
5.894182885742187500e+04 nan nan
5.894184967041015625e+04 nan nan
5.894187054443359375e+04 nan nan
5.894189135742187500e+04 nan nan
5.894191217041015625e+04 nan nan
5.894193304443359375e+04 nan nan
5.894195385742187500e+04 nan nan
5.894197467041015625e+04 nan nan
5.894199554443359375e+04 nan nan
5.894201635742187500e+04 nan nan
5.894203717041015625e+04 nan nan
5.894205804443359375e+04 nan nan
5.894207885742187500e+04 nan nan
5.894209967041015625e+04 nan nan
5.894212054443359375e+04 nan nan
5.894214135742187500e+04 nan nan
5.894216217041015625e+04 nan nan
5.894218304443359375e+04 nan nan
5.894220385742187500e+04 nan nan
5.894222467041015625e+04 nan nan
5.894224554443359375e+04 nan nan
5.894226635742187500e+04 nan nan
5.894228717041015625e+04 nan nan
5.894230804443359375e+04 nan nan
5.894232885742187500e+04 nan nan
5.894234967041015625e+04 nan nan
5.894237054443359375e+04 nan nan
5.894239135742187500e+04 nan nan
5.894241217041015625e+04 nan nan
5.894243304443359375e+04 nan nan
5.894245385742187500e+04 nan nan
5.894247467041015625e+04 nan nan
5.894249554443359375e+04 nan nan
5.894251635742187500e+04 nan nan
5.894253717041015625e+04 nan nan
5.894255804443359375e+04 nan nan
5.894257885742187500e+04 nan nan
5.894259967041015625e+04 nan nan
5.894262054443359375e+04 nan nan
5.894264135742187500e+04 nan nan
5.894266217041015625e+04 nan nan
5.894268304443359375e+04 nan nan
5.894270385742187500e+04 nan nan
5.894272467041015625e+04 1.398245987581512679e+02 3.815735898857727904e+01
5.894274554443359375e+04 1.357597670479896692e+02 3.094192530385488382e+01
5.894276635742187500e+04 1.318507052392532728e+02 3.799869726027681338e+01
5.894278717041015625e+04 1.383516344814045169e+02 3.806804457952853227e+01
5.894280804443359375e+04 1.332148979471679411e+02 3.924977587629661002e+01
5.894282885742187500e+04 1.299122870625203063e+02 3.545958161747319082e+01
5.894284967041015625e+04 1.272406361050419150e+02 3.305011738430272317e+01
5.894287054443359375e+04 1.237740263638819442e+02 3.250014048409660461e+01
5.894289135742187500e+04 1.247534358505971852e+02 3.457399605717882451e+01
5.894291217041015625e+04 1.250830549871588175e+02 3.288578728545686403e+01
5.894293304443359375e+04 1.209206755490996272e+02 3.274597563623628815e+01
5.894295385742187500e+04 1.300397950555179136e+02 3.298678059450034539e+01
5.894297467041015625e+04 1.328230481391080104e+02 3.589679875706757883e+01
5.894299554443359375e+04 1.246020143577035526e+02 3.522396614911616552e+01
5.894301635742187500e+04 1.239224674482365458e+02 3.700840217213705330e+01
5.894303717041015625e+04 1.326202846041102248e+02 3.529245166280749402e+01
5.894305804443359375e+04 1.280188130641859345e+02 3.400107531361880575e+01
5.894307885742187500e+04 1.325766782454704753e+02 3.306917594893256052e+01
5.894309967041015625e+04 1.349004981088674242e+02 3.217467422960567092e+01
5.894312054443359375e+04 1.314412781705827058e+02 3.218467285666902455e+01
5.894314135742187500e+04 1.286784036927869010e+02 3.254245984479876341e+01
5.894316217041015625e+04 1.320264199989788949e+02 3.106974770334847946e+01
5.894318304443359375e+04 1.335187019914783093e+02 3.692825125843090461e+01
5.894320385742187500e+04 1.553678005205364627e+02 5.090322427721893916e+01
5.894322467041015625e+04 1.841160124626580910e+02 6.068961556918706890e+01
5.894324554443359375e+04 nan nan
5.894326635742187500e+04 nan nan
5.894328717041015625e+04 1.464838540020267033e+02 4.085295839945692364e+01
5.894330804443359375e+04 1.324263773085566527e+02 3.499890521068698490e+01
5.894332885742187500e+04 1.356424737307070529e+02 3.580229813773267011e+01
5.894334967041015625e+04 1.411632213115439072e+02 3.946021459298295042e+01
5.894337054443359375e+04 1.414925797073245519e+02 4.278148249821056481e+01
5.894339135742187500e+04 1.425499758404491217e+02 4.953419781052105719e+01
5.894341217041015625e+04 1.625702512480871178e+02 5.045963924792580002e+01
5.894343304443359375e+04 nan nan
5.894345385742187500e+04 nan nan
5.894347467041015625e+04 nan nan
5.894349554443359375e+04 nan nan
5.894351635742187500e+04 nan nan
5.894353717041015625e+04 nan nan
5.894355804443359375e+04 nan nan
5.894357885742187500e+04 nan nan
5.894359967041015625e+04 nan nan
5.894362048339843750e+04 nan nan
5.894364129638671875e+04 nan nan
5.894366217041015625e+04 nan nan
5.894368298339843750e+04 nan nan
5.894370379638671875e+04 nan nan
5.894372467041015625e+04 nan nan
5.894374548339843750e+04 nan nan
5.894376629638671875e+04 nan nan
5.894378717041015625e+04 nan nan
5.894380798339843750e+04 nan nan
5.894382879638671875e+04 nan nan
5.894384967041015625e+04 nan nan
5.894387048339843750e+04 nan nan
5.894389129638671875e+04 nan nan
5.894391217041015625e+04 nan nan
5.894393298339843750e+04 nan nan
5.894395379638671875e+04 nan nan
5.894397467041015625e+04 nan nan
5.894399548339843750e+04 nan nan
5.894401629638671875e+04 nan nan
5.894403717041015625e+04 nan nan
5.894405798339843750e+04 nan nan
5.894407879638671875e+04 nan nan
5.894409967041015625e+04 nan nan
5.894412048339843750e+04 nan nan
5.894414129638671875e+04 nan nan
5.894416217041015625e+04 nan nan
5.894418298339843750e+04 nan nan
5.894420379638671875e+04 1.243113851483028327e+02 2.794351925758025956e+01
5.894422467041015625e+04 1.164703111436615046e+02 2.290343779234356703e+01
5.894424548339843750e+04 1.229578977403146212e+02 2.867880954991130693e+01
5.894426629638671875e+04 1.371132407937145672e+02 2.097914706162008258e+01
5.894428717041015625e+04 1.331778622982244826e+02 2.057292828513654115e+01
5.894430798339843750e+04 1.390513917854362660e+02 2.115714088697709983e+01
5.894432879638671875e+04 1.398301953116542791e+02 2.283194470301911139e+01
5.894434967041015625e+04 1.211365298494621925e+02 2.179320338430144943e+01
5.894437048339843750e+04 1.244558673110701363e+02 2.244626968165624348e+01
5.894439129638671875e+04 1.309586880875597501e+02 2.551725863767906688e+01
5.894441217041015625e+04 1.334564010829156189e+02 1.815572837813321527e+01
5.894443298339843750e+04 1.364233473047774794e+02 2.708716591897937676e+01
5.894445379638671875e+04 1.283242182212520675e+02 1.861833634539030768e+01
5.894447467041015625e+04 1.401930585268601135e+02 1.985827988158705537e+01
5.894449548339843750e+04 1.309488070409986733e+02 1.924317497686788414e+01
5.894451629638671875e+04 1.358166101718210825e+02 2.214496177749510863e+01
5.894453717041015625e+04 1.365508559872030219e+02 2.055608135546517090e+01
5.894455798339843750e+04 1.327689063369977589e+02 2.014831315399354139e+01
5.894457879638671875e+04 1.379131635943197978e+02 2.649185259979454088e+01
5.894459967041015625e+04 1.379485380920301054e+02 2.002830674332591698e+01
5.894462048339843750e+04 1.371678550735297222e+02 2.110319301787399837e+01
5.894464129638671875e+04 1.367761777340655556e+02 2.559261202409247815e+01
5.894466217041015625e+04 1.414681694185069318e+02 2.025274210973912403e+01
5.894468298339843750e+04 1.388269678184152269e+02 2.199455298618469712e+01
5.894470379638671875e+04 1.375392604235746035e+02 2.529295373003951752e+01
5.894472467041015625e+04 1.342923918907500251e+02 2.362433790401936662e+01
5.894474548339843750e+04 1.403380518601051108e+02 2.486739421286782559e+01
5.894476629638671875e+04 1.412012912731071310e+02 2.303955240492632583e+01
5.894478717041015625e+04 1.397229135705964325e+02 2.881065056414216485e+01
5.894480798339843750e+04 1.378436317099312589e+02 2.343886266261172580e+01
5.894482879638671875e+04 1.507602246943818898e+02 2.395977004776022667e+01
5.894484967041015625e+04 1.525220555956080375e+02 2.551576169812345540e+01
5.894487048339843750e+04 1.446330395812202028e+02 2.591715983550295377e+01
5.894489129638671875e+04 1.392822441678445387e+02 2.831343566166683701e+01
5.894491217041015625e+04 1.546100011763691953e+02 2.499633011934460569e+01
5.894493298339843750e+04 1.360873892610239579e+02 2.629868098370845786e+01
5.894495379638671875e+04 1.260516820848905866e+02 2.519009155450471482e+01
5.894497467041015625e+04 1.288028467795588767e+02 1.685725202386807098e+01
5.894499548339843750e+04 1.279458668393293124e+02 1.805034410178484094e+01
5.894501629638671875e+04 1.441188684819871924e+02 2.004884466406173971e+01
5.894503717041015625e+04 1.330562615708702765e+02 1.875336861330950455e+01
5.894505798339843750e+04 1.392426612568609130e+02 2.302425791053270387e+01
5.894507879638671875e+04 1.389183712787829563e+02 2.043966584187091584e+01
5.894509967041015625e+04 1.339975347180263157e+02 1.696902374483260800e+01
5.894512048339843750e+04 1.356093404083248686e+02 1.908972061181971469e+01
5.894514129638671875e+04 1.416312429093042056e+02 1.941883036242086646e+01
5.894516217041015625e+04 1.427317710172780494e+02 1.852943664366289411e+01
5.894518298339843750e+04 1.380113985694074188e+02 1.981350279054039731e+01
5.894520379638671875e+04 1.440364378483398866e+02 1.733175627645927719e+01
5.894522467041015625e+04 1.361610542710276093e+02 1.813651852890640725e+01
5.894524548339843750e+04 1.387849288832774164e+02 1.552918183182801393e+01
5.894526629638671875e+04 1.363209226407234098e+02 2.128784412870622234e+01
5.894528717041015625e+04 1.421141277828958778e+02 2.029506106809817823e+01
5.894530798339843750e+04 1.379742029418911784e+02 1.875845559319553146e+01
5.894532879638671875e+04 1.323470946093653140e+02 1.769336344544764827e+01
5.894534967041015625e+04 1.430144277288354431e+02 1.874069951728715822e+01
5.894537048339843750e+04 1.367680094885518827e+02 1.820328447966473462e+01
5.894539129638671875e+04 1.395246195878049207e+02 1.982767169574558963e+01
5.894541217041015625e+04 1.399392031997456343e+02 1.687345850832764071e+01
5.894543298339843750e+04 1.343655025762156754e+02 1.950073882335089692e+01
5.894545379638671875e+04 1.540845774250920783e+02 1.982427200518237598e+01
5.894547467041015625e+04 1.408337279098402348e+02 1.883175629687826813e+01
5.894549548339843750e+04 1.490151277840506339e+02 1.915412213895399418e+01
5.894551629638671875e+04 1.449774348681311551e+02 1.886763041983731171e+01
5.894553717041015625e+04 1.354082529063719562e+02 1.968783524444769029e+01
5.894555798339843750e+04 1.421810477824334669e+02 1.926147819535875527e+01
5.894557879638671875e+04 1.445234302411464569e+02 1.781437039512359277e+01
5.894559967041015625e+04 1.387694674198415896e+02 1.976799326717654992e+01
5.894562048339843750e+04 1.373488192589062180e+02 1.864936600186830162e+01
5.894564129638671875e+04 1.427457540075103282e+02 1.887188802311202096e+01
5.894566217041015625e+04 1.384718657264773469e+02 1.916723977314356375e+01
5.894568298339843750e+04 1.373248797397012027e+02 1.864939381002297480e+01
5.894570379638671875e+04 1.425689077930950361e+02 1.697616755986764758e+01
5.894572467041015625e+04 1.363783043432205773e+02 1.631207855367740933e+01
5.894574548339843750e+04 1.306908740424687494e+02 1.625665401737286686e+01
5.894576629638671875e+04 1.360114906758973348e+02 1.295022759720563066e+01
5.894578717041015625e+04 1.351946678037583922e+02 1.415906542090165310e+01
5.894580798339843750e+04 1.298139160739923454e+02 1.526918513350371853e+01
5.894582879638671875e+04 1.400549861600627537e+02 1.611816554690093284e+01
5.894584967041015625e+04 1.388124643576968538e+02 1.460244566666828270e+01
5.894587048339843750e+04 1.377471364207803504e+02 1.414881262550415464e+01
5.894589129638671875e+04 1.394293173095124985e+02 1.402630353024914101e+01
5.894591217041015625e+04 1.346399962090332849e+02 1.500477828300665095e+01
5.894593298339843750e+04 1.416509621014961908e+02 1.568327824534811299e+01
5.894595379638671875e+04 1.288121423541505237e+02 1.638073831367123034e+01
5.894597467041015625e+04 1.365101497502519692e+02 1.484958637338801246e+01
5.894599548339843750e+04 1.379314125551260588e+02 1.336219980958941633e+01
5.894601629638671875e+04 1.340114506007669775e+02 1.390550475771427763e+01
5.894603717041015625e+04 1.293681977852400848e+02 1.501979089176220050e+01
5.894605798339843750e+04 1.345128101817646211e+02 1.456004514113708659e+01
5.894607879638671875e+04 1.378911514050768687e+02 1.639896396784908816e+01
5.894609967041015625e+04 1.349449182584690732e+02 1.577553664653454213e+01
5.894612048339843750e+04 1.358727034237815587e+02 1.397008017489821086e+01
5.894614129638671875e+04 1.397301262566570301e+02 1.322991174921281399e+01
5.894616217041015625e+04 1.330561264312767094e+02 1.519092944140371948e+01
5.894618298339843750e+04 1.368402441811672929e+02 1.570176616806272385e+01
5.894620379638671875e+04 1.399298847884101349e+02 1.541289135278860911e+01
5.894622467041015625e+04 1.418711209559591282e+02 1.621130471791518346e+01
5.894624548339843750e+04 1.356766453892610400e+02 1.320331147884074241e+01
5.894626629638671875e+04 1.320755598538811455e+02 1.518449282877896067e+01
5.894628717041015625e+04 1.363349314167887769e+02 1.391926598654819358e+01
5.894630798339843750e+04 1.386308055767067344e+02 1.434062390219615502e+01
5.894632879638671875e+04 1.375922113175939216e+02 1.459050786060407923e+01
5.894634960937500000e+04 1.382348174175118345e+02 1.342796197475230002e+01
5.894637042236328125e+04 1.357922800499263190e+02 1.559202231260985272e+01
5.894639129638671875e+04 1.346647105560529383e+02 1.559495960886378541e+01
5.894641210937500000e+04 1.407960836373146378e+02 1.761486441923103285e+01
5.894643292236328125e+04 1.372365104962415785e+02 1.638245824783597371e+01
5.894645379638671875e+04 1.364024601887276447e+02 1.477096827143221169e+01
5.894647460937500000e+04 1.370477480150781560e+02 1.297881734127775921e+01
5.894649542236328125e+04 1.420687944903811797e+02 1.461486558933185620e+01
5.894651629638671875e+04 1.361920723600691190e+02 1.307317947387628720e+01
5.894653710937500000e+04 1.400883906335644724e+02 1.540449772109909432e+01
5.894655792236328125e+04 1.396523657984096474e+02 1.327822043133603280e+01
5.894657879638671875e+04 1.425916485676884236e+02 1.579322118850957146e+01
5.894659960937500000e+04 1.348114408747555331e+02 1.416112869511364991e+01
5.894662042236328125e+04 1.353522034972838242e+02 1.468686277834315312e+01
5.894664129638671875e+04 1.335136679366499664e+02 1.513741706610482751e+01
5.894666210937500000e+04 1.403821548127691017e+02 1.509723642148878042e+01
5.894668292236328125e+04 1.350982117040587696e+02 1.542540470632598826e+01
5.894670379638671875e+04 1.320704212565630371e+02 1.590449529902792314e+01
5.894672460937500000e+04 1.422408149021869974e+02 1.535501637712902046e+01
5.894674542236328125e+04 1.421259722293602579e+02 1.624948827062942058e+01
5.894676629638671875e+04 1.440348896763563573e+02 1.661171530668160301e+01
5.894678710937500000e+04 1.378303275604479552e+02 2.550545607347754995e+01
5.894680792236328125e+04 1.425223175344546576e+02 1.737868779364406890e+01
5.894682879638671875e+04 1.351283748885373086e+02 1.869787430275087914e+01
5.894684960937500000e+04 1.375928280603492624e+02 1.444590984238915610e+01
5.894687042236328125e+04 1.356086529191263423e+02 1.686194639628276448e+01
5.894689129638671875e+04 1.418543692278783794e+02 1.497945656877001852e+01
5.894691210937500000e+04 1.338137141186792007e+02 1.658760487272018480e+01
5.894693292236328125e+04 1.423804723939102814e+02 1.424175696268960323e+01
5.894695379638671875e+04 1.376616216953265166e+02 1.600313393459868294e+01
5.894697460937500000e+04 1.391847748976877028e+02 1.532776369557552520e+01
5.894699542236328125e+04 1.459461981069135561e+02 1.460465248840429453e+01
5.894701629638671875e+04 1.393401421707794725e+02 1.501321633724042215e+01
5.894703710937500000e+04 1.396064341216377898e+02 1.513630825180867312e+01
5.894705792236328125e+04 1.426879471326275279e+02 1.656396044473606821e+01
5.894707879638671875e+04 1.416924599394820348e+02 1.551648888017398420e+01
5.894709960937500000e+04 1.346307980216082569e+02 1.669261349434808039e+01
5.894712042236328125e+04 1.422178247996723144e+02 1.589644057935983312e+01
5.894714129638671875e+04 1.469477920599320271e+02 1.642764757801121078e+01
5.894716210937500000e+04 1.442279340502586251e+02 1.437842451348689465e+01
5.894718292236328125e+04 1.386731613669170997e+02 1.526003714184824567e+01
5.894720379638671875e+04 1.403698185667405482e+02 1.619323408454944513e+01
5.894722460937500000e+04 1.395215202034435151e+02 1.546547896076131146e+01
5.894724542236328125e+04 1.417743386553892719e+02 1.457556666758556929e+01
5.894726629638671875e+04 1.386207121661120993e+02 1.575901093223073524e+01
5.894728710937500000e+04 1.411818281425600787e+02 1.673337940675842717e+01
5.894730792236328125e+04 1.410166544129789941e+02 1.722962982514417973e+01
5.894732879638671875e+04 1.422751177239204310e+02 1.586772923837599159e+01
5.894734960937500000e+04 1.434102229747576871e+02 1.716997054879048790e+01
5.894737042236328125e+04 1.402254480378850872e+02 1.652309682543089764e+01
5.894739129638671875e+04 1.437716600015278914e+02 1.637312412775773396e+01
5.894741210937500000e+04 1.445648609681055632e+02 1.382940229388567843e+01
5.894743292236328125e+04 1.444733275435915232e+02 1.697460000980635186e+01
5.894745379638671875e+04 1.444939863401217508e+02 1.712028377558621273e+01
5.894747460937500000e+04 1.448285128451591959e+02 1.515113793911347173e+01
5.894749542236328125e+04 1.430142624550938990e+02 1.432987473934834455e+01
5.894751629638671875e+04 1.386375286092410306e+02 1.514512900711451771e+01
5.894753710937500000e+04 1.429193441410544665e+02 1.600333839206668785e+01
5.894755792236328125e+04 1.454607919670427805e+02 1.492192752400185185e+01
5.894757879638671875e+04 1.445274709358045868e+02 1.554897161784047910e+01
5.894759960937500000e+04 1.449236062272102288e+02 1.505042329871071516e+01
5.894762042236328125e+04 1.398358431822280750e+02 1.550900331823298295e+01
5.894764129638671875e+04 1.424292100689336280e+02 1.397424701694578353e+01
5.894766210937500000e+04 1.432197248171941624e+02 1.683554336835834064e+01
5.894768292236328125e+04 1.424201052061571602e+02 1.498155965579080728e+01
5.894770379638671875e+04 1.397097133114601490e+02 1.703432253991981682e+01
5.894772460937500000e+04 1.463240860038320932e+02 1.776045848727505927e+01
5.894774542236328125e+04 1.435639561613755575e+02 1.525928468140976690e+01
5.894776629638671875e+04 1.452775035178667906e+02 1.723593478859013572e+01
5.894778710937500000e+04 1.435832598765995556e+02 1.553786561052034365e+01
5.894780792236328125e+04 1.413069043819922399e+02 1.538269544210759854e+01
5.894782879638671875e+04 1.391524871733814450e+02 1.587549706616698408e+01
5.894784960937500000e+04 1.379557619853975154e+02 1.723639167375853631e+01
5.894787042236328125e+04 1.436353269716054228e+02 1.475986299771025223e+01
5.894789129638671875e+04 1.396672377197060371e+02 1.575445401458952688e+01
5.894791210937500000e+04 1.424041182668210013e+02 1.689434563449723825e+01
5.894793292236328125e+04 1.443925365782875474e+02 1.683040348817612397e+01
5.894795379638671875e+04 1.422095507239040728e+02 1.600995063882051994e+01
5.894797460937500000e+04 1.369084308065887967e+02 1.523599889488635561e+01
5.894799542236328125e+04 1.441985313869994911e+02 1.685242999019218857e+01
5.894801629638671875e+04 1.445365419650499916e+02 1.572429880738780916e+01
5.894803710937500000e+04 1.397508306860864593e+02 1.718252163270211241e+01
5.894805792236328125e+04 1.483713656845965829e+02 1.629292898309991244e+01
5.894807879638671875e+04 1.375554294442028151e+02 1.464269338518938213e+01
5.894809960937500000e+04 1.418460163234196045e+02 1.791631415416692974e+01
5.894812042236328125e+04 1.418867352553784258e+02 1.516377172928306116e+01
5.894814129638671875e+04 1.443081381157293777e+02 1.717676739157796106e+01
5.894816210937500000e+04 1.419409688809649879e+02 1.451441313796564714e+01
5.894818292236328125e+04 1.424064411053905701e+02 1.491509981070539048e+01
5.894820379638671875e+04 1.427713118050683363e+02 1.573405949759046862e+01
5.894822460937500000e+04 1.397500811743612132e+02 1.762369867561054804e+01
5.894824542236328125e+04 1.393646075425482138e+02 1.638054093274051581e+01
5.894826629638671875e+04 1.415586331307298451e+02 1.529494173791493061e+01
5.894828710937500000e+04 1.401686076523257043e+02 1.594239481429076832e+01
5.894830792236328125e+04 1.416593444386551823e+02 1.656593061630005792e+01
5.894832879638671875e+04 1.440438157536034680e+02 1.547273768435171704e+01
5.894834960937500000e+04 1.403915014507524859e+02 1.547618415102978062e+01
5.894837042236328125e+04 1.399179620888697286e+02 1.553571247380478937e+01
5.894839129638671875e+04 1.387048681060532545e+02 1.829173067763609950e+01
5.894841210937500000e+04 1.457729564034770533e+02 1.609926054912057936e+01
5.894843292236328125e+04 1.453371689270789773e+02 1.704029835045079011e+01
5.894845379638671875e+04 1.406299603621510528e+02 1.496614101456399304e+01
5.894847460937500000e+04 1.434424632734091460e+02 1.593470916688712791e+01
5.894849542236328125e+04 1.467352079331283790e+02 1.654082918052301565e+01
5.894851629638671875e+04 1.467096332594018122e+02 1.591598411885921394e+01
5.894853710937500000e+04 1.405216896618146905e+02 1.663550959539995588e+01
5.894855792236328125e+04 1.407428857322658757e+02 1.701340974433173869e+01
5.894857873535156250e+04 1.447751221057457371e+02 1.484047918695533852e+01
5.894859954833984375e+04 1.410045186924174345e+02 1.567176466623671338e+01
5.894862042236328125e+04 1.455297066498032450e+02 1.545626858411423932e+01
5.894864123535156250e+04 1.409290168712624620e+02 1.611244379343233746e+01
5.894866204833984375e+04 1.412824151320825763e+02 1.691816649522497329e+01
5.894868292236328125e+04 1.367178259969967939e+02 1.553710852968024447e+01
5.894870373535156250e+04 1.400958201644943131e+02 1.533506994448217675e+01
5.894872454833984375e+04 1.415452874312715039e+02 1.518882446443389078e+01
5.894874542236328125e+04 1.408659736218651233e+02 1.579719789219430481e+01
5.894876623535156250e+04 1.402507858762374724e+02 1.497534860349157171e+01
5.894878704833984375e+04 1.402334950808336202e+02 1.579366310262779827e+01
5.894880792236328125e+04 1.432356031377967440e+02 1.757333097158866053e+01
5.894882873535156250e+04 1.440637387902906994e+02 1.554207274329348643e+01
5.894884954833984375e+04 1.393253697020496134e+02 1.745919618905998050e+01
5.894887042236328125e+04 1.426964631511035009e+02 1.728342785966520978e+01
5.894889123535156250e+04 1.384058703870560976e+02 1.797826573927412497e+01
5.894891204833984375e+04 1.434352009793885543e+02 1.731962243929816125e+01
5.894893292236328125e+04 1.438428534492824156e+02 1.597215687295483555e+01
5.894895373535156250e+04 1.460846757653124257e+02 1.835482799219843741e+01
5.894897454833984375e+04 1.415041249030621771e+02 1.886856849881146658e+01
5.894899542236328125e+04 1.411483010363930362e+02 1.676698588236846632e+01
5.894901623535156250e+04 1.479535452723927733e+02 1.651138766983964246e+01
5.894903704833984375e+04 1.483967203641294930e+02 1.741975442758359449e+01
5.894905792236328125e+04 1.448357028988382353e+02 1.634040822551958172e+01
5.894907873535156250e+04 1.383835944606983333e+02 1.632748989478858448e+01
5.894909954833984375e+04 1.403674825744053294e+02 1.952056098042109511e+01
5.894912042236328125e+04 1.423638348629809514e+02 2.158780572467520642e+01
5.894914123535156250e+04 1.418926975052458772e+02 1.654916483882083256e+01
5.894916204833984375e+04 1.396767378780285753e+02 1.595054773253354163e+01
5.894918292236328125e+04 1.421915503836850974e+02 2.011408610381492679e+01
5.894920373535156250e+04 1.389439895696446570e+02 1.681759408688488122e+01
5.894922454833984375e+04 1.389261030212880996e+02 1.987130854519952194e+01
5.894924542236328125e+04 1.436078960764800456e+02 1.549147859786592107e+01
5.894926623535156250e+04 1.450212165113256333e+02 1.908757890702354487e+01
5.894928704833984375e+04 1.378854806595212494e+02 1.829518436627287059e+01
5.894930792236328125e+04 1.452774486536398229e+02 1.834223225931916801e+01
5.894932873535156250e+04 1.449373619973742677e+02 1.713628517395175521e+01
5.894934954833984375e+04 1.392405998148989283e+02 2.275756889087477219e+01
5.894937042236328125e+04 1.366423731131089596e+02 2.233411974491563967e+01
5.894941204833984375e+04 1.452403208902610174e+02 1.884039636696562070e+01
5.894943292236328125e+04 1.413116875205281247e+02 1.732404704957575703e+01
5.894945373535156250e+04 1.472272084185576375e+02 1.833614058028517491e+01
5.894947454833984375e+04 1.451448489635609178e+02 1.831126188155769796e+01
5.894949542236328125e+04 1.536201898109995341e+02 1.784117482051125947e+01
5.894951623535156250e+04 1.505525244323505376e+02 1.706238168100729524e+01
5.894953704833984375e+04 1.450754936234460502e+02 1.822561318499556293e+01
5.894955792236328125e+04 1.440399560608287004e+02 1.710996255928923659e+01
5.894957873535156250e+04 1.477595827193390789e+02 1.738412008500619166e+01
5.894959954833984375e+04 1.443039484746669245e+02 1.860781634227307535e+01
5.894962042236328125e+04 1.476106932074594056e+02 1.790482734388414343e+01
5.894964123535156250e+04 1.455102242633740275e+02 1.674572774128802877e+01
5.894966204833984375e+04 1.465114164982172156e+02 1.860477756208521072e+01
5.894968292236328125e+04 1.429287015076494640e+02 1.747316082592906028e+01
5.894970373535156250e+04 1.467390467187466072e+02 1.775602899868666640e+01
5.894972454833984375e+04 1.482526985206605445e+02 1.535979070673584879e+01
5.894974542236328125e+04 1.442384535873834182e+02 1.716043515271303477e+01
5.894976623535156250e+04 1.457677065399266780e+02 1.832211809305282912e+01
5.894978704833984375e+04 1.464732146968864868e+02 1.864655461738339781e+01
5.894980792236328125e+04 1.527989800768605733e+02 1.805370060037559909e+01
5.894982873535156250e+04 1.526448366404854937e+02 1.724787089425694120e+01
5.894984954833984375e+04 1.496178632957177115e+02 1.636718853979850152e+01
5.894987042236328125e+04 1.495418713964612039e+02 1.697129798483405594e+01
5.894989123535156250e+04 1.489581652678455157e+02 1.741152201513613207e+01
5.894991204833984375e+04 1.511960096927460029e+02 1.774575582323561562e+01
5.894993292236328125e+04 1.471075557327392005e+02 1.641338833901384930e+01
5.894995373535156250e+04 1.525951842725406493e+02 1.645749562164219171e+01
5.894997454833984375e+04 1.488261173272355506e+02 1.663314180904313133e+01
5.894999542236328125e+04 1.458308424581002782e+02 1.795035439086565887e+01
5.895001623535156250e+04 1.514305379820725079e+02 1.701882089635884654e+01
5.895003704833984375e+04 1.491744749956583291e+02 1.532295909601455364e+01
5.895005792236328125e+04 1.470645388756248622e+02 1.916425523650979557e+01
5.895007873535156250e+04 1.499254157740934943e+02 1.845552626917030281e+01
5.895009954833984375e+04 1.485619186777574328e+02 1.732103488611335251e+01
5.895012042236328125e+04 1.490533277205920513e+02 1.899582413295347649e+01
5.895014123535156250e+04 1.515944468208262208e+02 1.661499111627656688e+01
5.895016204833984375e+04 1.478042528085930485e+02 1.705569506771777455e+01
5.895018292236328125e+04 1.521876041586341444e+02 1.841901203087979866e+01
5.895020373535156250e+04 1.455601541642247128e+02 1.784432755659204872e+01
5.895022454833984375e+04 1.482367662266409809e+02 1.744826640222998293e+01
5.895024542236328125e+04 1.493813386007393262e+02 1.756115997165375830e+01
5.895026623535156250e+04 1.474005703051246030e+02 1.542700055659872937e+01
5.895028704833984375e+04 1.467033619105168611e+02 1.767248732236513931e+01
5.895030792236328125e+04 1.457955688457195720e+02 1.947255939549959436e+01
5.895032873535156250e+04 1.457481303551616918e+02 1.943243743671597912e+01
5.895034954833984375e+04 1.509285390490965710e+02 1.829355773555021614e+01
5.895037042236328125e+04 1.497175396698814325e+02 1.686126597668837945e+01
5.895039123535156250e+04 1.473209650298676365e+02 1.723558267202324146e+01
5.895041204833984375e+04 1.471603793654900585e+02 1.788352662644566848e+01
5.895043286132812500e+04 1.506339751970593852e+02 1.704897686567227311e+01
5.895045367431640625e+04 1.494033689538643159e+02 1.900350737619454833e+01
5.895047454833984375e+04 1.466294385316285229e+02 1.921884200198579151e+01
5.895049536132812500e+04 1.485527694053255061e+02 1.723032264842388273e+01
5.895051617431640625e+04 1.471655278078532092e+02 1.902335674278113942e+01
5.895053704833984375e+04 1.507460460080317830e+02 1.845233816687650119e+01
5.895055786132812500e+04 1.481691066639949099e+02 1.962971040426993952e+01
5.895057867431640625e+04 1.471715189442781195e+02 1.761321610922228587e+01
5.895059954833984375e+04 1.506199332965538815e+02 1.912212141876143434e+01
5.895062036132812500e+04 1.516541460182057222e+02 2.094702633642938849e+01
5.895064117431640625e+04 1.498612464073326578e+02 1.683208571919495000e+01
5.895066204833984375e+04 1.505038843959454198e+02 1.685376865840110838e+01
5.895068286132812500e+04 1.539309558425587454e+02 1.976630775555024755e+01
5.895070367431640625e+04 1.517854220762580724e+02 1.709666002704912913e+01
5.895072454833984375e+04 1.510616671210167397e+02 1.843710418945336471e+01
5.895074536132812500e+04 1.527613767513821870e+02 1.721893126372533089e+01
5.895076617431640625e+04 1.506190010054449147e+02 2.021754765155452205e+01
5.895078704833984375e+04 1.497756387000584652e+02 1.861400194467426061e+01
5.895080786132812500e+04 1.531334463506852046e+02 1.786416248398867168e+01
5.895082867431640625e+04 1.517475921204961935e+02 1.813295417981149527e+01
5.895084954833984375e+04 1.498777240622709428e+02 1.842112732293690414e+01
5.895087036132812500e+04 1.525413162005921492e+02 1.970664318453939856e+01
5.895089117431640625e+04 1.530558787722486613e+02 1.914377244095539510e+01
5.895091204833984375e+04 1.510723719332068526e+02 1.665095043001419839e+01
5.895093286132812500e+04 1.544744974290778146e+02 1.817161514646891973e+01
5.895095367431640625e+04 1.505078866402980680e+02 1.918315364483306240e+01
5.895097454833984375e+04 1.501202852685590585e+02 1.988708429005136580e+01
5.895099536132812500e+04 1.510214950791390152e+02 1.875545039783274248e+01
5.895101617431640625e+04 1.536343380378534675e+02 1.903065532588379583e+01
5.895103704833984375e+04 1.502181608160305473e+02 1.925121828478753017e+01
5.895105786132812500e+04 1.500161730480212725e+02 1.877427825104738091e+01
5.895107867431640625e+04 1.535780932151383809e+02 1.945896230395065629e+01
5.895109954833984375e+04 1.494658769269907168e+02 1.897288209161623129e+01
5.895112036132812500e+04 1.541515461035548924e+02 1.906950565544808285e+01
5.895114117431640625e+04 1.542117576411988864e+02 1.787743153356397841e+01
5.895116204833984375e+04 1.513784228850660156e+02 2.015435900331713626e+01
5.895118286132812500e+04 1.540488353135829982e+02 1.856628958753566749e+01
5.895120367431640625e+04 1.529310013092589315e+02 1.761029360885654427e+01
5.895122454833984375e+04 1.544511828754310159e+02 1.840927911724444144e+01
5.895124536132812500e+04 1.507328812785994216e+02 1.904413838115877411e+01
5.895126617431640625e+04 1.553470675665542728e+02 1.913967933359840146e+01
5.895128704833984375e+04 1.491366656326944451e+02 1.932857887995557888e+01
5.895130786132812500e+04 1.469560638808093245e+02 1.972340671238244880e+01
5.895132867431640625e+04 1.538322257482364535e+02 1.851628335414709881e+01
5.895134954833984375e+04 1.470127690177852742e+02 1.698218918892353813e+01
5.895137036132812500e+04 1.558287331550585009e+02 1.876654930105765473e+01
5.895139117431640625e+04 1.505754525750222399e+02 2.178968978434324910e+01
5.895141204833984375e+04 1.520793797593003944e+02 2.035318811406911976e+01
5.895143286132812500e+04 1.509085562444408595e+02 1.818065531751950559e+01
5.895145367431640625e+04 1.505280861606031522e+02 2.006517980392731104e+01
5.895147454833984375e+04 1.479193030631300019e+02 1.932274102183782816e+01
5.895149536132812500e+04 1.485983313630869986e+02 1.908553167137957018e+01
5.895151617431640625e+04 1.538940402689756866e+02 1.791811453672764287e+01
5.895153704833984375e+04 1.525427248066097263e+02 1.951310446730331449e+01
5.895155786132812500e+04 1.476898631188601883e+02 2.087490171917735893e+01
5.895157867431640625e+04 1.559251277077151485e+02 2.011206333531718116e+01
5.895159954833984375e+04 1.500270083332978857e+02 1.984090006444019849e+01
5.895162036132812500e+04 1.554949112054305544e+02 1.890443752700556956e+01
5.895164117431640625e+04 1.578726571604267974e+02 1.985376242235790301e+01
5.895166204833984375e+04 1.525552316171542486e+02 2.014826369949738805e+01
5.895168286132812500e+04 1.519592367414333296e+02 1.823499883806298882e+01
5.895170367431640625e+04 1.494701763566179693e+02 1.991895453739188326e+01
5.895172454833984375e+04 1.520024691644535437e+02 1.742823182666707993e+01
5.895174536132812500e+04 1.542154448245335061e+02 1.928785528501321522e+01
5.895176617431640625e+04 1.519875990973560533e+02 2.037067141482779675e+01
5.895178704833984375e+04 1.517979952845932132e+02 1.660699439503044417e+01
5.895180786132812500e+04 1.574568545141410709e+02 1.924723414164030544e+01
5.895182867431640625e+04 1.518355089844019403e+02 1.981074872742038551e+01
5.895184954833984375e+04 1.520338793257415659e+02 1.804817961689996508e+01
5.895187036132812500e+04 1.560143128371437626e+02 2.061670216407649292e+01
5.895189117431640625e+04 1.523082770953207046e+02 2.045142820045830234e+01
5.895191204833984375e+04 1.524546936448865040e+02 1.984109718066954997e+01
5.895193286132812500e+04 1.559905111122485550e+02 1.962495504613379893e+01
5.895195367431640625e+04 1.520888082987293330e+02 1.993735689088085650e+01
5.895197454833984375e+04 1.532589637201280084e+02 1.910292972322324090e+01
5.895199536132812500e+04 1.542570085959986272e+02 1.740944823495673432e+01
5.895201617431640625e+04 1.508088768434075462e+02 1.855460687164862676e+01
5.895203704833984375e+04 1.554915272933959898e+02 2.140473263354144962e+01
5.895205780029296875e+04 1.502928979106178531e+02 1.835692904456788810e+01
5.895207867431640625e+04 1.536681894272376496e+02 2.089112943618127360e+01
5.895209948730468750e+04 1.538465780121772184e+02 2.114490482973630137e+01
5.895212030029296875e+04 1.544500390598081481e+02 2.084142697169009395e+01
5.895214117431640625e+04 1.522988833611341590e+02 2.209117178776568124e+01
5.895216198730468750e+04 1.486762860438624330e+02 2.272690451009395929e+01
5.895218280029296875e+04 1.500068922576575119e+02 2.349568696380022459e+01
5.895220367431640625e+04 1.553900360869669726e+02 2.571604903810070297e+01
5.895222448730468750e+04 1.498304663388106519e+02 2.562334104964548587e+01
5.895224530029296875e+04 1.561215682823546445e+02 2.353532560655082051e+01
5.895226617431640625e+04 1.581063195602674796e+02 2.231719006276245310e+01
5.895228698730468750e+04 1.526693823764770457e+02 2.191573792584471292e+01
5.895230780029296875e+04 1.504544278352389881e+02 2.367489416836513882e+01
5.895232867431640625e+04 1.525872023421285348e+02 2.157938067445278207e+01
5.895234948730468750e+04 1.542940527151061474e+02 2.166082684552014825e+01
5.895237030029296875e+04 1.532350492947941234e+02 2.273993269549105278e+01
5.895239117431640625e+04 1.535030786920260653e+02 2.199902171154352715e+01
5.895241198730468750e+04 1.511317316644405651e+02 2.107923918114823891e+01
5.895243280029296875e+04 1.494735442886497481e+02 2.164351423100222860e+01
5.895245367431640625e+04 1.544403848524519560e+02 2.029184675119351411e+01
5.895247448730468750e+04 1.559406454721349178e+02 2.189721389012064989e+01
5.895249530029296875e+04 1.507832138756885172e+02 2.184911996257114808e+01
5.895251617431640625e+04 1.511309652280660600e+02 2.078494578100690759e+01
5.895253698730468750e+04 1.511591334722678823e+02 2.229511226266705037e+01
5.895255780029296875e+04 1.514728586722483215e+02 2.063476684213739887e+01
5.895257867431640625e+04 1.523554448220146753e+02 1.940870264976511095e+01
5.895259948730468750e+04 1.491327555499084383e+02 2.246220581546463535e+01
5.895262030029296875e+04 1.515533616997748254e+02 2.193808841381452979e+01
5.895264117431640625e+04 1.512989577129857537e+02 2.206539339851215331e+01
5.895266198730468750e+04 1.558693447965714824e+02 2.009578133956118506e+01
5.895268280029296875e+04 1.555457263846753335e+02 2.102015371516111486e+01
5.895270367431640625e+04 1.514906991214777179e+02 2.130858716295526634e+01
5.895272448730468750e+04 1.500583756119469001e+02 2.238234626648248238e+01
5.895274530029296875e+04 1.554800621834944536e+02 2.188535527875293951e+01
5.895276617431640625e+04 1.542159519922486197e+02 2.278039576030329982e+01
5.895278698730468750e+04 1.524010163151858137e+02 1.998854361340389119e+01
5.895280780029296875e+04 1.553569179544228120e+02 2.158014489511432998e+01
5.895282867431640625e+04 1.504653554866867466e+02 2.179985619526374663e+01
5.895284948730468750e+04 1.551392597402145554e+02 2.073697355437196066e+01
5.895287030029296875e+04 1.515148203657885233e+02 2.148954167039580909e+01
5.895289117431640625e+04 1.536808565378326819e+02 2.120981116106207764e+01
5.895291198730468750e+04 1.611295681240865179e+02 2.068002933122663123e+01
5.895293280029296875e+04 1.550068449046358126e+02 2.235085218200850932e+01
5.895295367431640625e+04 1.520241672017956205e+02 2.371675578235923254e+01
5.895297448730468750e+04 1.570110816660037472e+02 2.291036239481123005e+01
5.895299530029296875e+04 1.543292508374576926e+02 2.496719126674422284e+01
5.895301617431640625e+04 1.576985049124826332e+02 2.296803527257606348e+01
5.895303698730468750e+04 1.518838895922256995e+02 2.258957124824228657e+01
5.895305780029296875e+04 1.515752521373436821e+02 2.384240977567132802e+01
5.895307867431640625e+04 1.542616706541257372e+02 2.307681715772007180e+01
5.895309948730468750e+04 1.548851903777888595e+02 2.131590266598812633e+01
5.895312030029296875e+04 1.585388108968352014e+02 2.204158738279709695e+01
5.895314117431640625e+04 1.530227038677902272e+02 2.269178581808025186e+01
5.895316198730468750e+04 1.559038009853659332e+02 2.365824601607162236e+01
5.895318280029296875e+04 1.527822211754983073e+02 2.295406948138004566e+01
5.895320367431640625e+04 1.516354297406311105e+02 2.416819463517509092e+01
5.895322448730468750e+04 1.564194266916572644e+02 2.445276255598708559e+01
5.895324530029296875e+04 1.578306892860831567e+02 2.254726203650644223e+01
5.895326617431640625e+04 1.564084888121738857e+02 2.281697176513648628e+01
5.895328698730468750e+04 1.580666071481257973e+02 2.240851311283017822e+01
5.895330780029296875e+04 1.514371703388890467e+02 2.225870722360516041e+01
5.895332867431640625e+04 1.528644160392259721e+02 2.368749629811027191e+01
5.895334948730468750e+04 1.542070628794725451e+02 2.264886230635882214e+01
5.895337030029296875e+04 1.542918042589429888e+02 2.462943261442180187e+01
5.895339117431640625e+04 1.556983769373504174e+02 2.346511828167276548e+01
5.895341198730468750e+04 1.557809333290856841e+02 2.290579736479269002e+01
5.895343280029296875e+04 1.611505956905073447e+02 2.478837565496065309e+01
5.895345367431640625e+04 1.564040828867792357e+02 2.464035492179067077e+01
5.895347448730468750e+04 1.563622934591934097e+02 2.487456249357310867e+01
5.895349530029296875e+04 1.541582628418208287e+02 2.344930467738113933e+01
5.895351611328125000e+04 1.577464735804147438e+02 2.556355543760052385e+01
5.895353692626953125e+04 1.524963453792076677e+02 2.411109721479965273e+01
5.895355780029296875e+04 1.552898584680062584e+02 2.411977902750088276e+01
5.895357861328125000e+04 1.562175215220888163e+02 2.449684865227831665e+01
5.895359942626953125e+04 1.568321987433284335e+02 2.393645979464707452e+01
5.895362030029296875e+04 1.547231096881429266e+02 2.507891504164713226e+01
5.895364111328125000e+04 1.546067576710535150e+02 2.449061445903685907e+01
5.895366192626953125e+04 1.579102615186272374e+02 2.614730688442251250e+01
5.895368280029296875e+04 1.576587700040344089e+02 2.563066712165485939e+01
5.895370361328125000e+04 1.531801666920251250e+02 2.529530650081794718e+01
5.895372442626953125e+04 1.556789788626261952e+02 2.484815426308515285e+01
5.895374530029296875e+04 1.528704776010329169e+02 2.602087281495843030e+01
5.895376611328125000e+04 1.575016373741955249e+02 2.505821351941714781e+01
5.895378692626953125e+04 1.561828633612544479e+02 2.597943013606146678e+01
5.895380780029296875e+04 1.608219405287002814e+02 2.708444707858538436e+01
5.895382861328125000e+04 1.590643897981990733e+02 2.654352212415799528e+01
5.895384942626953125e+04 1.582367235655536319e+02 2.712113104059120872e+01
5.895387030029296875e+04 1.595177107303211699e+02 2.633722764976700148e+01
5.895389111328125000e+04 1.620400618820838474e+02 2.644746798898631823e+01
5.895391192626953125e+04 1.572294315445458608e+02 2.765274603976231305e+01
5.895393280029296875e+04 1.560116377275735431e+02 2.713242456168594074e+01
5.895395361328125000e+04 1.580085427606552173e+02 2.479384223494666983e+01
5.895397442626953125e+04 1.591461878362564448e+02 2.689800090790197729e+01
5.895399530029296875e+04 1.594184698537750080e+02 2.481167707699901470e+01
5.895401611328125000e+04 1.565160277142381062e+02 2.622777354915586301e+01
5.895403692626953125e+04 1.589043011859169212e+02 2.713250632626669301e+01
5.895405780029296875e+04 1.558935121765477447e+02 2.804104272410427612e+01
5.895407861328125000e+04 1.628228525981273265e+02 2.790902234560814676e+01
5.895409942626953125e+04 1.618466182758276943e+02 2.856837292110776971e+01
5.895412030029296875e+04 1.552581817889816875e+02 2.965684709333206825e+01
5.895414111328125000e+04 1.547400834100938880e+02 2.851502010140405829e+01
5.895416192626953125e+04 1.566810445991559106e+02 2.922561968257622311e+01
5.895418280029296875e+04 1.565874722830595260e+02 2.950210773448856116e+01
5.895420361328125000e+04 1.593786602043679750e+02 3.218388495411078765e+01
5.895422442626953125e+04 1.553781904098290738e+02 2.870349815033516450e+01
5.895424530029296875e+04 1.537242523069167817e+02 2.878448368629507215e+01
5.895426611328125000e+04 1.544648657326900718e+02 3.150775301488043212e+01
5.895428692626953125e+04 1.567634237308878937e+02 3.186691257806662492e+01
5.895430780029296875e+04 1.584973625233583903e+02 3.159736112590663737e+01
5.895432861328125000e+04 1.505174089695358361e+02 3.456544456891479911e+01
5.895434942626953125e+04 1.523754476775514490e+02 3.053986769872722462e+01
5.895437030029296875e+04 1.569364399443038849e+02 3.289116576992775975e+01
