#expname,ra,dec,mag,dm,snr,filter,zp,mjd,x,y,peakval,skyval,peakfit,dpeak,skyfit,flux,dflux,chin,major,minor,snrdet,snrlimit,apfit,uJy,duJy
02a58911o0369o,189.13861,11.23168,>20.42,0.0,3.0,o,22.164,58911.4110836,7657.68,9457.47,172.0,179.6,8.0,12.5,179.2,-93.9,702.2,2.47,2.2,1.82,1.0,3.0,-0.4527,8.01572485025,12.5245700785
02a58911o0413o,189.13861,11.23168,>20.44,0.0,3.0,o,22.17,58911.4338693,7680.58,9496.82,152.0,181.1,-44.5,12.8,176.9,-2394.3,622.9,2.11,2.17,1.77,1.0,3.0,-0.4587,-42.7712316493,12.3027362946
02a58911o0427o,189.13861,11.23168,19.74,0.27,3.6,o,22.169,58911.4415169,7622.35,9417.72,226.0,180.7,47.9,13.3,167.5,-4091.4,627.6,2.22,2.15,1.78,1.0,3.0,-0.4637,46.1267356368,12.8076322332
02a58911o0446o,189.13861,11.23168,>20.48,0.0,3.0,o,22.175,58911.4514964,7594.55,9541.96,138.0,181.8,-22.6,12.0,183.5,-904.8,773.4,2.01,2.27,1.75,1.0,3.0,-0.4547,-22.2808159055,11.8305217198
01a58912o0441o,189.13861,11.23168,>20.52,0.0,3.0,o,22.133,58912.5250345,7179.89,1496.08,179.0,180.2,11.3,11.9,179.4,-226.9,570.4,2.52,2.0,1.86,1.0,3.0,-0.4217,10.519137419,11.077675689
01a58912o0448o,189.13861,11.23168,19.67,0.27,3.61,o,21.899,58912.5282587,7200.11,1535.31,218.0,181.0,39.7,11.0,170.8,-2756.8,641.2,2.52,2.08,1.93,1.0,3.0,-0.4157,49.2005430164,13.6323922716
01a58912o0461o,189.13861,11.23168,>20.56,0.0,3.0,o,22.121,58912.5344177,7142.86,1456.97,191.0,181.8,0.4,13.2,179.8,-2398.8,575.8,2.9,1.85,1.73,1.0,3.0,-0.4257,0.325114671296,10.7287841528
01a58912o0487o,189.13861,11.23168,>20.7,0.0,3.0,o,22.219,58912.547145,7124.43,1574.91,141.0,181.2,-34.9,11.6,180.3,-888.8,653.5,2.98,1.96,1.79,1.0,3.0,-0.4197,-28.2548674702,9.39130265487
01a58913o0409o,189.13861,11.23168,>20.42,0.0,3.0,o,22.287,58913.4330546,3352.12,9052.31,168.0,182.7,-0.1,17.0,178.1,-906.7,745.9,3.17,1.88,1.74,1.0,3.0,-0.4147,-0.070577430467,11.9981631794
01a58913o0416o,189.13861,11.23168,>20.4,0.0,3.0,o,22.286,58913.4366512,3332.35,9012.78,157.0,182.9,-6.3,17.5,176.7,-3119.4,814.3,2.17,1.87,1.73,1.0,3.0,-0.4167,-4.40947621567,12.2485450435
01a58913o0427o,189.13861,11.23168,>20.43,0.0,3.0,o,22.287,58913.4428326,3391.12,9091.53,131.0,183.0,-0.1,15.6,173.6,-1604.0,811.4,2.11,1.95,1.81,1.0,3.0,-0.4077,-0.0756609746538,11.803112046
01a58913o0459o,189.13861,11.23168,>19.9427328985,0.0,1.61,o,22.292,58913.4591408,3412.22,8974.92,180.0,182.5,29.1,18.1,179.4,-953.3,804.6,2.08,1.88,1.76,1.0,3.0,-0.4097,20.583643494,12.8028847849
01a58920o0573o,189.13861,11.23168,>18.16,0.0,3.0,o,21.784,58920.5569975,8932.82,7680.2,324.0,399.5,-0.4,67.6,414.7,2880.3,3592.5,0.93,2.19,1.91,1.0,3.0,-0.4007,-0.566364754233,95.7156434654
01a58920o0580o,189.13861,11.23168,>17.92,0.0,3.0,o,21.64,58920.5602337,8953.42,7719.43,399.0,487.4,-25.5,77.1,516.2,8588.7,4586.1,1.26,2.13,1.88,1.0,3.0,-0.4127,-39.9058327844,120.656459124
01a58920o0603o,189.13861,11.23168,>17.5701571934,0.0,1.26,o,21.613,58920.572046,8889.45,7644.06,404.0,279.8,91.9,72.8,317.9,27501.2,3941.2,1.23,2.09,1.86,1.0,3.0,-0.4137,143.26281716,113.487846456
01a58921o0286o,189.13861,11.23168,>16.33,0.0,3.0,o,20.021,58921.5447812,8929.26,7678.22,258.0,232.8,3.3,50.3,227.0,-6058.8,3292.6,1.08,2.83,2.1,1.0,3.0,-0.4187,34.2356371975,521.834106375
01a58921o0294o,189.13861,11.23168,>16.21,0.0,3.0,o,20.011,58921.5486251,8949.6,7716.77,121.0,235.2,19.5,47.9,222.4,-7807.5,3838.8,1.28,3.11,2.23,1.0,3.0,-0.4277,240.247351521,590.14605835
01a58921o0305o,189.13861,11.23168,>17.29,0.0,3.0,o,20.765,58921.5539333,8890.99,7639.94,328.0,236.4,-43.4,52.4,249.8,7765.9,3358.3,1.02,2.37,1.98,1.0,3.0,-0.4067,-177.199303724,213.945703114
01a58921o0328o,189.13861,11.23168,>16.5,0.0,3.0,o,20.26,58921.5649042,8871.65,7757.82,413.0,262.9,17.9,56.3,260.1,-1090.4,3307.7,1.16,2.81,2.01,1.0,3.0,-0.4177,141.486223135,445.009740921
01a58925o0094o,189.13861,11.23168,>18.7902850706,0.0,2.23,o,20.595,58925.4766047,8917.39,7680.23,210.0,179.3,25.7,11.5,176.0,-1273.3,600.9,1.92,1.91,1.61,1.0,3.0,-0.4347,82.5184595309,36.9246025138
01a58925o0117o,189.13861,11.23168,>19.81,0.0,3.0,o,21.227,58925.4885726,8940.48,7717.54,182.0,180.3,7.1,12.0,180.7,-146.7,523.3,2.2,1.87,1.65,1.0,3.0,-0.4387,12.8275183546,21.680312712
01a58925o0139o,189.13861,11.23168,>19.73,0.0,3.0,o,21.51,58925.4998053,8884.95,7640.74,177.0,180.3,4.9,12.9,176.4,-2945.6,670.4,1.26,2.08,1.92,1.0,3.0,-0.4117,8.61230474723,22.673210457
01a58925o0147o,189.13861,11.23168,>20.17,0.0,3.0,o,21.829,58925.5036116,8866.41,7756.51,120.0,178.1,-28.5,11.0,174.0,-1791.5,602.7,1.47,2.11,1.98,1.0,3.0,-0.4157,-39.2058840209,15.132095587
02a58931o0640c,189.13861,11.23168,>20.57,0.0,3.0,c,22.217,58931.5459685,3737.22,6630.63,172.0,182.5,-4.3,7.0,184.6,782.7,437.3,2.5,2.7,2.42,1.0,3.0,-0.4007,-6.38272790649,10.3904872896
02a58931o0648c,189.13861,11.23168,>20.39,0.0,3.0,c,22.214,58931.549962,3718.68,6591.79,178.0,181.7,0.5,6.9,185.5,2041.2,553.7,2.09,2.99,2.6,1.0,3.0,-0.3917,0.878159261377,12.118597807
02a58931o0667c,189.13861,11.23168,>20.44,0.0,3.0,c,22.207,58931.5599956,3775.14,6668.28,160.0,182.7,-7.1,6.8,183.3,572.1,575.8,2.16,2.87,2.62,1.0,3.0,-0.3897,-12.1171443622,11.6051523469
02a58931o0691c,189.13861,11.23168,>20.5,0.0,3.0,c,22.195,58931.5720711,3804.28,6549.93,141.0,181.3,-28.5,6.1,180.1,-566.0,505.1,2.52,2.92,2.68,1.0,3.0,-0.3837,-50.900406507,10.8944729717
01a58933o0647o,189.13861,11.23168,19.57,0.24,4.04,o,22.235,58933.5382119,3758.91,9663.33,238.0,182.1,46.0,11.4,177.5,299.7,796.4,1.98,2.36,2.22,1.0,3.0,-0.4037,53.9984824018,13.3822325952
01a58933o0660o,189.13861,11.23168,>20.31,0.0,3.0,o,22.234,58933.5450323,3778.99,9702.95,181.0,179.5,-25.3,12.1,174.9,-380.0,649.1,1.56,2.28,2.13,1.0,3.0,-0.4047,-27.5799653932,13.1904182315
01a58933o0667o,189.13861,11.23168,>20.37,0.0,3.0,o,22.231,58933.5489174,3719.79,9624.68,205.0,180.1,10.7,10.8,180.4,1200.0,648.5,2.75,2.34,2.19,1.0,3.0,-0.4007,12.2970940675,12.4120201803
01a58933o0690o,189.13861,11.23168,>19.9251847348,0.0,2.53,o,22.229,58933.5612939,3702.27,9743.41,241.0,177.4,29.1,11.5,177.6,2.8,728.7,2.2,2.31,2.17,1.0,3.0,-0.3997,32.7433754546,12.9398219151
01a58937o0471o,189.13861,11.23168,>19.5,0.0,3.0,o,21.35,58937.5147856,1004.05,9805.86,219.0,182.9,9.4,15.3,175.9,-3776.2,784.5,1.19,2.15,1.67,1.0,3.0,-0.4077,17.149107784,27.9129094782
01a58937o0477o,189.13861,11.23168,19.16,0.31,3.07,o,21.34,58937.5178568,1028.65,9856.35,210.0,183.9,41.5,13.5,188.7,3800.4,727.5,1.35,2.2,1.68,1.0,3.0,-0.4087,78.7297377025,25.6108785297
01a58937o0497o,189.13861,11.23168,>19.9913719793,0.0,1.21,o,22.234,58937.5281855,977.94,9817.19,180.0,179.2,17.5,14.5,171.4,-3842.0,968.9,1.91,2.16,1.72,1.0,3.0,-0.4187,14.7835587668,12.2492344068
01a58937o0513o,189.13861,11.23168,>20.44,0.0,3.0,o,22.23,58937.5362623,963.46,9965.18,138.0,181.0,0.7,14.0,176.1,-1516.1,767.9,2.42,2.07,1.79,1.0,3.0,-0.4017,0.582747154705,11.6549430941
01a58941o0327o,189.13861,11.23168,15.85,0.02,65.76,o,21.638,58941.3910571,8791.87,799.52,1467.0,184.7,1538.9,23.4,189.4,9678.6,798.8,3.25,1.76,1.54,1.0,3.0,-0.4337,1664.95512876,25.316752234
01a58941o0348o,189.13861,11.23168,15.9,0.02,61.47,o,21.58,58941.4019861,8770.89,757.55,1405.0,182.4,1462.9,23.8,189.2,9257.4,667.2,2.99,1.6,1.6,1.0,3.0,-0.4387,1584.2121892,25.7736346319
01a58941o0354o,189.13861,11.23168,15.85,0.02,58.03,o,21.522,58941.4049727,8829.36,837.01,1179.0,181.9,1317.3,22.7,182.4,5538.1,628.6,3.03,1.79,1.58,1.0,3.0,-0.4347,1656.35550343,28.5426781507
01a58941o0365o,189.13861,11.23168,15.84,0.02,52.22,o,21.31,58941.4103987,8849.5,719.36,1458.0,183.4,1148.8,22.0,173.4,4552.9,735.9,4.0,1.76,1.54,1.0,3.0,-0.4277,1672.00110772,32.0195198206
02a58943o0089o,189.1386,11.23167,15.69,0.01,72.81,o,22.171,58943.4406892,803.78,7592.92,1419.0,184.2,1652.8,22.7,189.1,12249.8,1218.5,5.71,2.44,1.92,1.0,3.0,-0.4507,1921.63147914,26.3922038822
02a58943o0114o,189.1386,11.23167,15.65,0.01,74.63,o,22.17,58943.4548929,9750.26,2928.21,1794.0,178.6,1709.0,22.9,173.3,9557.9,1193.6,2.46,2.37,2.01,1.0,3.0,-0.4387,2000.07007243,26.8002367809
02a58943o0122o,189.1386,11.23167,15.68,0.01,74.93,o,22.169,58943.4587411,9813.58,3011.83,1546.0,179.3,1648.4,22.0,184.8,11508.7,1012.1,3.51,2.52,1.86,1.0,3.0,-0.4577,1933.45841708,25.8044680756
02a58943o0133o,189.1386,11.23167,15.69,0.02,70.24,o,22.165,58943.4639673,9834.77,2895.52,1559.0,180.0,1538.3,21.9,178.7,8285.3,1126.6,2.05,2.64,1.92,1.0,3.0,-0.4407,1927.99072761,27.4478300297
01a58948o0457o,189.138593333,11.2316658333,15.49,0.02,66.89,o,22.236,58948.4549867,688.29,5690.18,2645.0,180.0,2669.1,39.9,189.9,17529.0,1827.7,1.4,2.03,1.89,1.0,3.0,-0.4147,2315.69539843,34.6170043825
01a58948o0484o,189.138593333,11.2316658333,15.36,0.02,68.73,o,22.234,58948.4683561,710.09,5729.26,2271.0,170.4,2288.8,33.3,182.0,31156.3,1948.2,1.35,2.55,2.1,1.0,3.0,-0.3487,2612.91971209,38.0156529241
01a58948o0505o,189.138593333,11.2316658333,15.4,0.02,63.72,o,22.233,58948.479574,652.41,5650.62,2178.0,174.0,2109.1,33.1,165.0,17704.8,2085.0,1.4,2.61,2.14,1.0,3.0,-0.3457,2506.74523257,39.3406036689
01a58948o0526o,189.138593333,11.2316658333,15.48,0.02,57.35,o,22.228,58948.4902243,635.17,5766.45,2238.0,177.3,2190.6,38.2,172.7,16468.1,1861.8,1.2,2.3,2.08,1.0,3.0,-0.3887,2330.84288259,40.6455756939
01a58949o0488o,189.138594211,11.2316563158,15.46,0.01,90.0,o,22.234,58949.4455777,690.59,5690.22,2702.0,173.9,2655.1,29.5,167.9,13767.5,1317.1,2.09,2.1,1.9,1.0,3.0,-0.3997,2367.07775277,26.2998733406
01a58949o0495o,189.138594211,11.2316563158,15.44,0.01,90.42,o,22.235,58949.4488058,710.75,5729.05,2495.0,175.9,2640.3,29.2,179.1,16836.7,1276.4,1.76,2.14,1.91,1.0,3.0,-0.4037,2418.01595173,26.7416830627
01a58949o0510o,189.138594211,11.2316563158,15.44,0.01,89.16,o,22.233,58949.4557952,652.65,5650.65,3063.0,171.3,2906.7,32.6,173.4,18152.3,1351.4,1.76,1.99,1.86,1.0,3.0,-0.4047,2417.26896668,27.1108020483
01a58949o0531o,189.138594211,11.2316563158,15.44,0.01,87.49,o,22.231,58949.4658045,633.9,5766.16,2294.0,173.6,2546.0,29.1,161.7,14602.0,1392.4,2.14,2.1,2.0,1.0,3.0,-0.4077,2413.60632351,27.5867808383
02a58950o0121o,189.138594211,11.2316563158,15.46,0.01,80.97,o,22.097,58950.4541394,1385.24,9178.13,1921.0,182.0,1878.4,23.2,193.3,19853.6,1025.0,6.75,2.43,1.99,1.0,3.0,-0.4337,2375.77974213,29.343105844
02a58950o0128o,189.138594211,11.2316563158,15.49,0.04,29.77,o,21.755,58950.4573872,1365.39,9139.33,1328.0,204.1,1256.2,42.2,212.7,14601.4,2533.7,1.54,2.5,2.07,1.0,3.0,-0.4217,2304.2409395,77.4072342358
02a58950o0141o,189.138594211,11.2316563158,15.62,0.12,8.58,o,21.02,58950.4633884,1422.97,9216.98,585.0,196.1,544.2,63.4,197.7,915.6,4725.5,1.2,2.5,2.15,1.0,3.0,-0.4247,2045.95346409,238.356210259
02a58950o0169o,189.138594211,11.2316563158,15.28,0.25,3.84,o,20.528,58950.4766148,1443.51,9098.75,209.0,189.1,536.1,139.6,181.4,68.7,7374.7,1.21,2.37,1.97,1.0,3.0,-0.4477,2813.31994198,732.586203881
02a58951o0244o,189.138593704,11.2316548148,15.5,0.01,107.26,o,22.159,58951.3807232,9181.76,1393.02,1852.0,181.0,2037.9,19.0,194.3,18081.1,606.7,10.1,2.46,1.83,1.0,3.0,-0.4457,2291.54194673,21.364785803
02a58951o0251o,189.138593704,11.2316548148,15.51,0.01,107.45,o,22.159,58951.384118,9206.93,1429.02,1839.0,178.7,2041.6,19.0,193.1,18590.2,640.3,10.11,2.39,1.86,1.0,3.0,-0.4477,2271.12086644,21.1360190352
02a58951o0262o,189.138593704,11.2316548148,15.51,0.01,103.99,o,22.159,58951.3898478,9150.38,1351.8,2083.0,179.2,2110.9,20.3,198.8,18152.8,765.6,6.2,2.36,1.82,1.0,3.0,-0.4487,2270.9616282,21.8392728468
02a58951o0301o,189.138593704,11.2316548148,15.42,0.01,102.16,o,22.157,58951.4088456,1448.59,9097.05,2670.0,184.0,2349.7,23.0,204.5,22715.1,889.1,13.28,2.26,1.84,1.0,3.0,-0.4537,2463.18722972,24.110867891
01a58952o0431o,189.138593704,11.2316548148,15.51,0.01,106.45,o,22.221,58952.4496264,950.84,1316.16,2476.0,175.3,2938.1,27.6,179.9,13293.4,952.5,5.41,1.9,1.75,1.0,3.0,-0.4297,2270.99913133,21.333370554
01a58952o0437o,189.138593704,11.2316548148,15.52,0.01,107.81,o,22.228,58952.4524159,970.46,1355.1,2565.0,174.5,2954.1,27.4,180.6,14666.7,876.7,6.97,1.91,1.73,1.0,3.0,-0.4317,2258.72525773,20.9502291939
01a58952o0449o,189.138593704,11.2316548148,15.52,0.01,104.48,o,22.226,58952.4580538,911.66,1275.69,2887.0,177.1,2800.1,26.8,173.1,10177.6,1112.9,7.96,1.97,1.76,1.0,3.0,-0.4297,2246.52461165,21.5016819371
01a58952o0470o,189.138593704,11.2316548148,15.51,0.01,107.79,o,22.227,58952.4679208,895.28,1392.39,2902.0,175.2,3082.7,28.6,180.1,13765.8,955.5,8.23,1.89,1.69,1.0,3.0,-0.4277,2272.15794079,21.0801301154
01a58956o0359o,189.138594194,11.2316551613,15.49,0.01,111.33,o,22.232,58956.3877647,935.07,1315.4,2185.0,177.2,2393.6,21.5,171.1,13083.0,684.2,4.39,2.13,2.01,1.0,3.0,-0.4117,2319.45516654,20.8340098933
01a58956o0365o,189.138594194,11.2316551613,15.49,0.01,116.5,o,22.235,58956.3912141,9567.33,9229.64,2399.0,180.7,2458.2,21.1,172.6,14655.7,734.4,7.77,2.12,1.97,1.0,3.0,-0.4057,2304.50707994,19.780774301
01a58956o0382o,189.138594194,11.2316551613,15.48,0.01,116.94,o,22.235,58956.3990763,9627.4,9309.13,2390.0,176.3,2654.5,22.7,179.1,13863.7,764.1,10.0,2.02,1.92,1.0,3.0,-0.4127,2325.91625114,19.8901107179
01a58956o0404o,189.138594194,11.2316551613,15.45,0.01,118.61,o,22.233,58956.4098727,882.27,1391.19,2456.0,179.3,2704.3,22.8,174.8,13959.4,883.7,5.64,2.1,1.87,1.0,3.0,-0.4087,2394.82903389,20.1908449405
01a58957o0293o,189.138593429,11.231654,15.48,0.01,106.81,o,22.081,58957.3663248,9585.73,9260.9,2173.0,176.9,2552.8,23.9,172.3,10630.3,736.2,9.36,1.98,1.78,1.0,3.0,-0.4127,2342.39821828,21.9301619464
01a58957o0299o,189.138593429,11.231654,15.51,0.01,105.45,o,22.126,58957.3697153,9565.85,9220.16,1958.0,176.5,2520.2,23.9,174.8,11165.6,760.3,9.03,1.99,1.81,1.0,3.0,-0.4117,2265.29832461,21.4826719936
01a58957o0310o,189.138593429,11.231654,15.51,0.01,110.02,o,22.183,58957.375208,9625.71,9298.68,2211.0,178.5,2497.5,22.7,168.8,10172.5,834.1,14.43,2.1,1.84,1.0,3.0,-0.4047,2270.39467712,20.6358194877
01a58957o0329o,189.138593429,11.231654,15.51,0.01,109.94,o,22.148,58957.3850667,9644.7,9181.01,1845.0,176.1,2396.6,21.8,172.1,11233.9,653.8,13.94,2.09,1.87,1.0,3.0,-0.4017,2269.56273994,20.6444411794
02a58958o0373c,189.138592821,11.2316546154,16.29,0.01,73.94,c,22.258,58958.3982563,7624.04,9366.15,837.0,181.9,828.1,11.2,186.7,8442.9,502.5,4.02,2.48,2.48,1.0,3.0,-0.3917,1104.95576357,14.9444566501
02a58958o0380c,189.138592821,11.2316546154,16.23,0.01,75.61,c,22.259,58958.4014825,7605.24,9328.37,941.0,182.2,899.8,11.9,181.6,8130.2,479.8,5.93,2.44,2.44,1.0,3.0,-0.3957,1165.42515217,15.4129354422
02a58958o0392c,189.138592821,11.2316546154,16.3,0.02,70.8,c,22.259,58958.4070999,7662.53,9406.91,831.0,182.7,814.2,11.5,181.9,5923.3,522.4,4.19,2.63,2.36,1.0,3.0,-0.3937,1097.38139977,15.4997372849
02a58958o0417c,189.138592821,11.2316546154,16.27,0.01,76.7,c,22.257,58958.4196812,7679.15,9289.04,884.0,182.6,889.7,11.6,182.7,7463.6,490.4,6.62,2.54,2.29,1.0,3.0,-0.3987,1131.02325565,14.7463973986
02a58959o0214c,189.13859186,11.2316562791,16.19,0.01,79.26,c,22.246,58959.3296784,2939.58,1199.7,1130.0,182.3,951.1,12.0,181.4,7430.3,486.1,3.18,2.41,2.41,1.0,3.0,-0.3957,1216.23924277,15.3452538253
02a58959o0238c,189.13859186,11.2316562791,16.16,0.01,79.82,c,22.248,58959.3418363,2961.07,1240.18,956.0,183.8,941.9,11.8,184.3,9096.3,560.1,3.46,2.56,2.34,1.0,3.0,-0.3977,1242.27963247,15.5631167462
02a58959o0248c,189.13859186,11.2316562791,16.16,0.01,81.43,c,22.248,58959.3472073,2903.97,1162.08,1067.0,182.1,969.0,11.9,181.8,9145.3,514.3,3.79,2.52,2.31,1.0,3.0,-0.3997,1244.21388326,15.279819619
02a58959o0258c,189.13859186,11.2316562791,16.12,0.01,84.83,c,22.25,58959.3523087,2893.07,1278.98,1011.0,183.2,1017.9,12.0,182.8,8314.8,503.0,4.4,2.5,2.3,1.0,3.0,-0.4017,1291.01623685,15.2197611182
01a58961o0308o,189.138590426,11.2316570213,15.41,0.01,126.13,o,22.251,58961.3745379,5016.83,7907.74,2628.0,181.8,2850.5,22.6,176.4,16370.2,587.4,5.2,2.14,1.85,1.0,3.0,-0.3987,2480.07772874,19.6631316154
01a58961o0314o,189.138590426,11.2316570213,15.41,0.01,126.48,o,22.25,58961.3773683,5037.88,7945.74,2713.0,180.3,2997.6,23.7,169.1,11640.4,703.3,3.19,2.09,1.8,1.0,3.0,-0.3997,2482.85419565,19.6302523475
01a58961o0336o,189.138590426,11.2316570213,15.43,0.01,121.36,o,22.25,58961.3881809,4981.75,7867.44,2807.0,181.1,2803.4,23.1,176.4,15002.4,663.9,3.53,2.12,1.86,1.0,3.0,-0.4007,2436.08601967,20.0733348985
01a58961o0347o,189.138590426,11.2316570213,15.42,0.01,121.79,o,22.25,58961.3938488,4963.74,7982.89,2545.0,179.7,2764.7,22.7,171.8,14049.6,624.3,2.76,2.14,1.89,1.0,3.0,-0.4027,2468.77968671,20.270300173
02a58963o0366c,189.138589167,11.2316533333,>15.15,0.0,3.0,c,17.65,58963.3942548,1722.16,4790.41,182.0,169.9,-13.9,15.2,167.4,-394.3,1177.2,1.05,2.68,2.45,1.0,3.0,-0.3907,-1378.71475657,1507.65930215
02a58963o0374c,189.138589167,11.2316533333,15.78,0.19,5.33,c,18.771,58963.3984195,1707.19,4757.46,239.0,178.2,50.1,9.4,184.3,5373.0,605.4,1.26,2.69,2.42,1.0,3.0,-0.4047,1777.31381694,333.468061461
01a58965o0263o,189.138589231,11.2316557692,15.43,0.01,99.36,o,21.913,58965.3634712,5017.89,7908.86,1752.0,180.3,2036.8,20.5,183.9,12544.2,636.3,4.48,2.09,1.9,1.0,3.0,-0.4097,2451.35956776,24.6724622639
01a58965o0274o,189.138589231,11.2316557692,15.39,0.01,105.72,o,22.017,58965.3685354,5040.1,7946.89,1633.0,180.3,1744.3,16.5,178.0,13489.5,739.6,2.14,2.43,2.21,1.0,3.0,-0.3937,2542.01713309,24.0459110795
01a58965o0280o,189.138589231,11.2316557692,15.43,0.01,105.63,o,22.066,58965.3718834,4981.41,7869.11,2020.0,181.5,1964.7,18.6,180.5,13087.3,719.6,3.88,2.27,2.11,1.0,3.0,-0.3977,2449.98430899,23.1942322732
01a58965o0347o,189.138589231,11.2316557692,15.43,0.01,115.13,o,22.229,58965.405075,4970.29,7983.73,2395.0,180.8,2314.1,20.1,178.8,13625.0,706.6,5.4,2.26,2.08,1.0,3.0,-0.3957,2432.83492475,21.1313175694
02a58967o0327c,189.138590893,11.2316555357,16.29,0.01,73.46,c,22.24,58967.3841502,1731.01,4795.81,827.0,180.8,852.1,11.6,174.8,5099.0,546.4,4.63,2.54,2.3,1.0,3.0,-0.4047,1111.24766961,15.1278875337
02a58967o0333c,189.138590893,11.2316555357,16.28,0.01,74.22,c,22.25,58967.387174,1712.07,4759.49,812.0,180.3,757.0,10.2,177.5,7392.1,563.3,3.03,2.74,2.47,1.0,3.0,-0.3877,1115.58365062,15.0316423201
02a58967o0344c,189.138590893,11.2316555357,16.28,0.01,75.95,c,22.244,58967.3923248,1770.03,4837.41,905.0,181.0,850.6,11.2,176.0,6160.0,512.9,3.51,2.54,2.34,1.0,3.0,-0.4017,1121.33066173,14.7647583017
02a58967o0365c,189.138590893,11.2316555357,16.28,0.01,71.89,c,22.256,58967.4023345,1788.51,4723.16,1054.0,180.8,862.7,12.0,176.3,5840.0,530.0,3.68,2.54,2.32,1.0,3.0,-0.4077,1121.34756631,15.5977405769
01a58968o0370o,189.138592083,11.2316566667,15.47,0.01,120.89,o,22.239,58968.3939891,5260.42,1606.47,2718.0,181.4,2889.2,23.9,182.5,12353.9,639.5,12.51,1.98,1.82,1.0,3.0,-0.4147,2347.8639617,19.4219675635
01a58968o0377o,189.138592083,11.2316566667,15.48,0.01,121.56,o,22.238,58968.3972123,5280.4,1645.01,2305.0,180.2,2978.2,24.5,180.3,13240.6,732.0,11.48,1.94,1.78,1.0,3.0,-0.4167,2325.59634823,19.131391623
01a58968o0390o,189.138592083,11.2316566667,15.47,0.01,120.37,o,22.236,58968.4032258,5222.06,1567.55,2571.0,180.9,2937.0,24.4,178.6,14217.9,641.6,9.17,1.94,1.83,1.0,3.0,-0.4167,2362.19372479,19.6246261099
01a58968o0420o,189.138592083,11.2316566667,15.48,0.01,118.78,o,22.235,58968.4171226,5205.81,1683.36,2465.0,180.5,2815.0,23.7,178.6,12137.4,719.5,12.36,1.99,1.84,1.0,3.0,-0.4117,2326.52671543,19.5874540517
01a58969o0323o,189.138592083,11.2316566667,15.52,0.01,114.99,o,22.24,58969.3766056,5255.58,1609.1,2028.0,179.3,2610.2,22.7,177.7,12530.3,723.4,20.23,2.21,1.77,1.0,3.0,-0.3947,2258.38546832,19.640391591
01a58969o0335o,189.138592083,11.2316566667,15.51,0.01,116.62,o,22.24,58969.3821753,5277.28,1648.0,2128.0,181.1,2647.2,22.7,182.9,15735.6,648.2,12.5,2.13,1.81,1.0,3.0,-0.3957,2259.4549039,19.3750477178
01a58969o0340o,189.138592083,11.2316566667,15.53,0.01,114.25,o,22.24,58969.3852003,5217.93,1570.5,2059.0,180.4,2593.4,22.7,178.7,11999.0,823.0,17.3,2.17,1.8,1.0,3.0,-0.3927,2236.45668208,19.5756792948
01a58969o0367o,189.138592083,11.2316566667,15.5,0.01,119.53,o,22.238,58969.3977022,5202.59,1686.01,2248.0,181.2,2868.7,24.0,178.9,11837.8,801.6,13.6,2.03,1.77,1.0,3.0,-0.3987,2292.52026295,19.1795887722
02a58971o0281o,189.138592083,11.2316566667,15.51,0.01,91.01,o,22.177,58971.3652664,492.44,709.71,2143.0,181.2,2075.1,22.8,176.5,12851.8,921.1,3.82,2.26,1.99,1.0,3.0,-0.4357,2271.74348499,24.9606050107
02a58971o0289o,189.138592083,11.2316566667,15.5,0.01,72.96,o,21.869,58971.36916,472.12,669.12,1418.0,185.9,1649.0,22.6,186.4,9333.5,1025.2,3.35,2.21,1.92,1.0,3.0,-0.4447,2280.72489622,31.2579640113
02a58971o0302o,189.138592083,11.2316566667,15.57,0.01,96.46,o,22.185,58971.3752554,533.47,749.24,2364.0,180.2,2122.2,22.0,181.7,13961.6,977.2,13.24,2.05,2.05,1.0,3.0,-0.4357,2155.02730691,22.3403075827
02a58971o0327o,189.138592083,11.2316566667,15.51,0.01,88.8,o,22.058,58971.3880597,553.04,631.37,1721.0,184.8,1864.8,21.0,183.6,12274.2,879.8,6.73,2.26,2.0,1.0,3.0,-0.4297,2276.82389484,25.6399087257
01a58976o0425o,189.138592083,11.2316566667,15.46,0.02,63.08,o,22.214,58976.4311009,4872.3,4033.02,2474.0,161.8,3172.7,50.3,127.6,-3877.0,2384.0,1.42,1.88,1.69,1.0,3.0,-0.4397,2380.30334959,37.7373399578
01a58976o0432o,189.138592083,11.2316566667,15.48,0.02,64.38,o,22.21,58976.4343251,4891.98,4071.9,2367.0,173.1,3019.5,46.9,154.2,10525.6,2258.7,1.6,1.92,1.71,1.0,3.0,-0.4357,2340.94450496,36.3604230113
01a58976o0445o,189.138592083,11.2316566667,15.49,0.02,61.38,o,22.207,58976.4403335,4833.97,3996.01,2028.0,176.4,2976.9,48.5,180.7,19403.9,2194.9,1.71,1.92,1.71,1.0,3.0,-0.4357,2314.30359753,37.7049025766
01a58976o0513o,189.138592083,11.2316566667,15.49,0.02,48.55,o,22.172,58976.4722748,4814.92,4116.01,1941.0,183.2,2359.6,48.6,191.7,18481.9,2617.5,1.29,2.09,1.95,1.0,3.0,-0.4217,2321.54993907,47.8162938799
01a58977o0189o,189.138592105,11.2316573684,15.46,0.01,91.9,o,22.23,58977.4082457,4869.06,4030.47,2998.0,175.4,3262.5,35.5,175.1,12273.0,1391.6,4.18,1.91,1.63,1.0,3.0,-0.4477,2380.84014725,25.9064598398
01a58977o0208o,189.138592105,11.2316573684,15.47,0.01,87.24,o,22.227,58977.4170117,4890.12,4070.69,3080.0,177.1,3245.2,37.2,168.5,10508.6,1336.4,4.32,1.9,1.63,1.0,3.0,-0.4457,2357.98706255,27.0298036259
01a58977o0224o,189.138592105,11.2316573684,15.48,0.01,84.58,o,22.225,58977.4244911,4831.87,3993.88,2723.0,178.5,3087.1,36.5,157.6,4751.7,1247.2,2.36,1.96,1.65,1.0,3.0,-0.4437,2342.33743117,27.69437862
01a58977o0230o,189.138592105,11.2316573684,15.44,0.01,89.66,o,22.225,58977.4272551,4813.3,4110.08,2730.0,168.0,3093.2,34.5,162.6,11818.4,1331.6,2.73,2.01,1.65,1.0,3.0,-0.4477,2415.720854,26.943737703
02a58979o0254o,189.13859225,11.23165725,15.52,0.01,95.97,o,22.159,58979.4004624,5600.39,4597.94,1991.0,180.8,2255.4,23.5,177.4,12014.5,822.0,14.09,2.12,1.87,1.0,3.0,-0.4497,2241.60862433,23.3563016191
02a58979o0260o,189.13859225,11.23165725,15.48,0.01,102.47,o,22.159,58979.4032222,5582.94,4560.3,2059.0,180.6,2377.3,23.2,188.6,14495.0,784.6,12.94,2.11,1.84,1.0,3.0,-0.4547,2324.57206223,22.6854296234
02a58979o0309o,189.13859225,11.23165725,15.48,0.01,94.5,o,22.15,58979.4257358,5644.58,4636.01,2109.0,179.6,2258.6,23.9,175.4,13918.0,926.7,10.84,2.16,1.9,1.0,3.0,-0.4487,2341.02160189,24.7721669553
02a58979o0326o,189.13859225,11.23165725,15.51,0.01,95.74,o,22.147,58979.4336159,5665.49,4522.41,2395.0,182.0,2211.7,23.1,183.1,13582.9,981.8,12.53,2.16,1.88,1.0,3.0,-0.4487,2274.55563299,23.7564927983
01a58980o0272o,189.138593012,11.2316590361,15.5,0.01,72.48,o,21.277,58980.3535245,4856.96,4030.51,1263.0,185.1,1268.4,17.5,183.9,6506.4,571.0,4.29,1.86,1.76,1.0,3.0,-0.4277,2298.47926719,31.7119104192
01a58980o0280o,189.138593012,11.2316590361,15.47,0.01,118.94,o,22.155,58980.3572229,4875.85,4068.72,2532.0,181.1,2783.3,23.4,170.8,11538.7,669.6,9.34,1.91,1.8,1.0,3.0,-0.4207,2344.36180561,19.7097209253
01a58980o0293o,189.138593012,11.2316590361,15.04,0.1,10.26,o,18.503,58980.3632246,4819.16,3991.65,312.0,182.7,121.1,11.8,190.1,3810.7,591.5,0.99,2.08,1.95,1.0,3.0,-0.4227,3483.37984569,339.420992396
01a58980o0316o,189.138593012,11.2316590361,>14.514360013,0.0,1.57,o,17.348,58980.3739035,4801.57,4107.09,224.0,179.4,39.0,24.9,180.3,1483.8,1266.5,1.06,2.0,1.87,1.0,3.0,-0.4157,2977.79608436,1901.20826924
01a58981o0141o,189.138592759,11.2316590805,15.52,0.01,118.19,o,22.244,58981.3404625,4856.16,4034.13,2370.0,179.1,2529.3,21.4,176.5,13584.5,757.4,7.0,2.04,1.94,1.0,3.0,-0.4207,2259.38887841,19.1163254647
01a58981o0147o,189.138592759,11.2316590805,15.5,0.01,119.96,o,22.236,58981.3432332,4876.09,4073.73,2795.0,181.1,2963.0,24.7,176.1,14534.0,557.1,8.74,1.88,1.78,1.0,3.0,-0.4347,2283.85353211,19.0385360254
01a58981o0194o,189.138592759,11.2316590805,15.5,0.01,119.9,o,22.216,58981.3657469,4818.49,3991.98,2561.0,179.1,2841.6,23.7,174.9,13406.5,753.6,7.27,1.92,1.8,1.0,3.0,-0.4287,2291.37105752,19.1108861428
01a58981o0223o,189.138592759,11.2316590805,15.49,0.01,120.7,o,22.239,58981.379824,4803.51,4109.41,2843.0,179.5,2691.6,22.3,171.0,11764.6,701.1,8.55,2.01,1.88,1.0,3.0,-0.4217,2308.46434755,19.125707739
02a58983o0233c,189.138592527,11.2316585714,16.46,0.02,65.82,c,22.237,58983.3500287,5607.38,4600.27,988.0,182.3,704.3,10.7,180.0,6368.2,472.3,5.15,2.62,2.26,1.0,3.0,-0.4147,942.163258653,14.3137112986
02a58983o0240c,189.138592527,11.2316585714,16.48,0.02,66.92,c,22.246,58983.3536963,5588.65,4559.36,980.0,182.7,736.1,11.0,182.1,6922.0,476.4,5.62,2.58,2.18,1.0,3.0,-0.4157,928.478309688,13.8748287007
02a58983o0270c,189.138592527,11.2316585714,16.45,0.02,65.47,c,22.243,58983.3688166,5648.89,4641.97,853.0,180.6,759.4,11.6,178.7,6648.9,488.0,4.02,2.56,2.19,1.0,3.0,-0.4167,958.326324903,14.638642835
02a58983o0330c,189.138592527,11.2316585714,16.46,0.02,63.55,c,22.234,58983.397329,5659.16,4524.34,907.0,183.2,686.3,10.8,181.3,5051.8,484.4,2.99,2.71,2.25,1.0,3.0,-0.4087,942.810809521,14.8365973231
01a58985o0255o,189.138592,11.2316585263,15.5,0.01,112.95,o,22.243,58985.3560321,2748.36,7524.21,2364.0,182.0,2191.3,19.4,183.8,16749.6,599.9,3.47,2.23,2.1,1.0,3.0,-0.4047,2284.46622626,20.2248185048
01a58985o0261o,189.138592,11.2316585263,15.52,0.01,112.38,o,22.243,58985.3588738,2769.56,7564.89,2086.0,182.1,2067.7,18.4,179.8,14212.7,602.3,3.0,2.26,2.15,1.0,3.0,-0.4067,2240.74879783,19.9399225613
01a58985o0279o,189.138592,11.2316585263,15.51,0.01,112.36,o,22.242,58985.3672822,2710.71,7486.26,2372.0,181.7,2235.9,19.9,176.6,15684.3,545.1,2.43,2.22,2.04,1.0,3.0,-0.4097,2266.70114033,20.174136899
01a58985o0302o,189.138592,11.2316585263,15.49,0.01,115.91,o,22.24,58985.3781889,2693.93,7602.89,2134.0,181.4,2237.0,19.3,175.3,15214.6,555.9,3.38,2.23,2.07,1.0,3.0,-0.4067,2309.4041286,19.9246757631
02a58987o0300c,189.138592424,11.2316575758,16.57,0.02,60.16,c,22.244,58987.3718825,4868.89,1006.68,809.0,182.9,589.6,9.8,191.1,10711.2,540.9,2.97,2.67,2.46,1.0,3.0,-0.3947,853.419552383,14.1850604026
02a58987o0307c,189.138592424,11.2316575758,16.52,0.02,64.94,c,22.243,58987.375098,4849.93,967.6,778.0,182.9,603.9,9.3,185.1,10921.1,480.9,2.88,2.7,2.49,1.0,3.0,-0.3917,893.072848793,13.7532331409
02a58987o0321c,189.138592424,11.2316575758,16.49,0.02,62.54,c,22.24,58987.3815201,4908.73,1045.57,865.0,182.8,662.9,10.6,185.6,9091.0,576.3,2.67,2.61,2.39,1.0,3.0,-0.3997,918.851169823,14.6927476243
02a58987o0343c,189.138592424,11.2316575758,16.58,0.02,59.68,c,22.236,58987.391603,4931.03,929.84,694.0,182.2,572.9,9.6,188.2,9959.3,520.7,2.66,2.7,2.47,1.0,3.0,-0.3947,848.20003286,14.2131616608
01a58989o0190o,189.138591942,11.2316572816,15.5,0.01,122.77,o,22.245,58989.3205381,2742.58,7526.41,3250.0,181.0,2872.9,23.4,180.2,19090.9,768.0,8.96,2.12,1.7,1.0,3.0,-0.4037,2298.60335844,18.7223079771
01a58989o0224o,189.138591942,11.2316572816,15.51,0.01,123.04,o,22.243,58989.3374275,2766.64,7564.17,2959.0,181.0,2965.2,24.1,172.2,14675.8,648.6,6.88,1.98,1.72,1.0,3.0,-0.4137,2266.76435073,18.4233848822
01a58989o0240o,189.138591942,11.2316572816,15.51,0.01,118.95,o,22.242,58989.3450777,2708.55,7485.8,2810.0,181.8,2831.0,23.8,179.7,16588.9,594.4,4.31,2.0,1.78,1.0,3.0,-0.4117,2260.20906608,19.0014043704
01a58989o0246o,189.138591942,11.2316572816,15.51,0.01,119.67,o,22.241,58989.3478459,2688.72,7601.53,3062.0,181.2,2884.0,24.1,170.4,13614.3,654.4,6.99,1.98,1.77,1.0,3.0,-0.4107,2266.69171875,18.9414945984
01a58993o0222o,189.138591776,11.2316575701,15.55,0.01,116.01,o,22.227,58993.3644863,2648.91,5585.65,2727.0,181.5,2993.1,25.8,175.4,15045.4,681.2,4.51,1.87,1.72,1.0,3.0,-0.4107,2187.00625756,18.8516125238
01a58993o0239o,189.138591776,11.2316575701,15.54,0.01,119.74,o,22.224,58993.3723324,2668.97,5623.84,2363.0,180.4,2849.9,23.8,179.4,14224.0,791.3,5.39,1.9,1.79,1.0,3.0,-0.4097,2205.94661734,18.4222356899
01a58993o0246o,189.138591776,11.2316575701,15.51,0.01,117.97,o,22.181,58993.3755632,2610.23,5546.85,2522.0,180.9,2678.0,22.7,175.3,14639.6,612.4,2.61,1.99,1.81,1.0,3.0,-0.4017,2267.25813709,19.2183568752
01a58993o0276o,189.138591776,11.2316575701,15.55,0.01,106.57,o,22.079,58993.3894721,2591.85,5664.26,2183.0,180.5,2280.7,21.4,174.4,11446.7,630.7,3.1,1.98,1.86,1.0,3.0,-0.4077,2180.74578795,20.4621212181
02a58995o0278c,189.138591081,11.2316579279,16.68,0.02,56.36,c,22.241,58995.3669086,9949.59,6855.85,703.0,182.0,574.9,10.2,183.6,7032.0,424.1,3.21,2.57,2.35,1.0,3.0,-0.4027,772.951135525,13.713866033
02a58995o0285c,189.138591081,11.2316579279,16.7,0.02,56.84,c,22.239,58995.3701122,9931.79,6816.69,669.0,182.2,568.4,10.0,187.6,7400.8,505.1,3.45,2.57,2.32,1.0,3.0,-0.4107,761.436905998,13.3961454257
02a58995o0297c,189.138591081,11.2316579279,16.69,0.02,54.19,c,22.237,58995.3756022,9991.85,6895.4,736.0,181.8,558.2,10.3,185.2,6252.2,492.8,3.29,2.61,2.35,1.0,3.0,-0.4057,767.108768553,14.1548196275
02a58995o0341c,189.138591081,11.2316579279,16.68,0.02,54.55,c,22.223,58995.3959742,10009.6,6779.7,610.0,182.3,561.9,10.3,183.1,5773.4,528.9,2.95,2.58,2.35,1.0,3.0,-0.4037,771.801015411,14.1476249488
01a58997o0164o,189.138590783,11.2316578261,15.55,0.01,108.07,o,22.191,58997.3118099,2633.95,5586.95,1874.0,180.4,2420.8,22.4,174.8,13812.4,696.2,3.54,2.14,1.82,1.0,3.0,-0.3947,2181.73911201,20.1879362645
01a58997o0182o,189.138590783,11.2316578261,15.54,0.01,110.66,o,22.223,58997.3206769,2654.16,5625.01,2265.0,181.0,2722.3,24.6,171.9,14013.1,846.7,2.4,2.04,1.76,1.0,3.0,-0.3997,2206.1628324,19.9359386097
01a58997o0211o,189.138590783,11.2316578261,15.54,0.01,111.02,o,22.221,58997.3344129,2597.37,5547.17,2209.0,179.8,2320.4,20.9,171.2,12467.8,796.8,3.77,2.23,1.9,1.0,3.0,-0.3887,2200.79740895,19.8227313597
01a58997o0236o,189.138590783,11.2316578261,15.48,0.01,101.13,o,22.116,58997.3465043,2579.55,5661.88,2272.0,171.9,2376.5,23.5,176.3,23988.5,864.6,3.19,2.12,1.87,1.0,3.0,-0.3927,2331.70729463,23.0570677146
02a58998o0154o,189.138590588,11.2316584874,15.69,0.01,92.56,o,22.17,58998.3086582,9959.28,6855.16,1743.0,181.7,1842.0,19.9,188.8,12791.5,682.0,9.86,2.21,1.92,1.0,3.0,-0.4357,1914.8813684,20.6873720039
02a58998o0162o,189.138590588,11.2316584874,15.73,0.01,87.73,o,22.17,58998.3123717,9940.05,6816.17,1514.0,182.0,1701.9,19.4,189.4,9942.0,640.2,7.77,2.26,1.98,1.0,3.0,-0.4317,1858.94445357,21.1901535926
02a58998o0174o,189.138590588,11.2316584874,15.66,0.01,93.27,o,22.169,58998.3180361,9997.1,6893.57,1826.0,181.3,1865.4,20.0,187.4,13713.7,782.2,5.0,2.21,1.94,1.0,3.0,-0.4397,1968.45151132,21.1048730708
02a58998o0196o,189.138590588,11.2316584874,15.63,0.01,94.75,o,22.169,58998.3281475,10017.2,6778.5,1750.0,180.2,1771.8,18.7,181.0,12466.2,785.3,6.09,2.31,2.03,1.0,3.0,-0.4287,2024.33069524,21.3652692183
02a58999o0091o,189.138590163,11.2316585366,15.68,0.01,87.58,o,22.175,58999.2796334,9962.54,6848.72,1813.0,180.6,1979.3,22.6,188.8,10495.9,1017.2,4.85,2.12,1.88,1.0,3.0,-0.4497,1948.78568196,22.2515820807
02a58999o0098o,189.138590163,11.2316585366,15.66,0.01,88.8,o,22.174,58999.2828469,9943.61,6811.63,1639.0,180.8,1740.5,19.6,196.9,15265.2,721.7,6.07,2.28,2.03,1.0,3.0,-0.4437,1980.90504387,22.3072328985
02a58999o0129o,189.138590163,11.2316585366,15.67,0.01,89.94,o,22.173,58999.2979588,10002.7,6893.09,1830.0,181.4,1987.7,22.1,185.4,11302.1,953.6,5.56,2.14,1.87,1.0,3.0,-0.4447,1959.58886451,21.7874497689
02a58999o0141o,189.138590163,11.2316585366,15.67,0.01,87.23,o,22.166,58999.3036925,10022.2,6777.07,1605.0,182.0,1805.7,20.7,189.7,11885.8,730.0,4.58,2.23,1.98,1.0,3.0,-0.4337,1956.92596961,22.433608889
02a59003o0224o,189.13859063,11.2316583465,15.58,0.02,71.32,o,22.161,59003.3420861,1808.2,6730.93,1750.0,183.4,1918.4,26.9,177.9,11897.9,1334.4,2.52,2.25,1.99,1.0,3.0,-0.4437,2137.63477308,29.9741322955
02a59003o0233o,189.13859063,11.2316583465,15.59,0.02,63.99,o,22.158,59003.3462558,1790.23,6692.02,1636.0,183.5,1529.4,23.9,182.0,10729.1,1169.5,1.79,2.49,2.24,1.0,3.0,-0.4337,2109.24581731,32.9612756857
02a59003o0247o,189.13859063,11.2316583465,15.58,0.02,69.66,o,22.154,59003.3526928,1848.41,6768.75,2037.0,183.3,1818.2,26.1,181.1,10288.8,1130.9,2.75,2.31,2.04,1.0,3.0,-0.4387,2136.20312489,30.6648892089
02a59003o0281o,189.13859063,11.2316583465,15.55,0.02,68.24,o,22.15,59003.3683919,1871.84,6651.27,1847.0,184.5,1856.0,27.2,182.8,13941.6,1306.9,1.72,2.3,2.05,1.0,3.0,-0.4327,2177.80210996,31.9160654046
01a59004o0151o,189.138591145,11.2316583206,15.61,0.01,82.1,o,22.245,59004.3166383,7672.02,9430.36,2312.0,179.6,2183.8,26.6,176.5,16787.2,1087.4,6.23,2.3,1.93,1.0,3.0,-0.3647,2076.14055497,25.2886430818
01a59004o0157o,189.138591145,11.2316583206,15.62,0.01,81.6,o,22.243,59004.3194295,7692.73,9468.99,1574.0,178.9,1950.2,23.9,175.0,16396.0,1296.0,8.35,2.47,2.02,1.0,3.0,-0.3477,2055.35204802,25.1886544701
01a59004o0171o,189.138591145,11.2316583206,15.61,0.01,79.18,o,22.243,59004.325908,7633.3,9391.48,1843.0,183.5,1844.8,23.3,168.2,8319.3,1276.1,4.71,2.55,2.08,1.0,3.0,-0.3447,2061.15926396,26.0326381452
01a59004o0196o,189.138591145,11.2316583206,15.6,0.01,80.19,o,22.239,59004.3374558,7615.06,9509.81,2196.0,173.2,2293.3,28.6,176.0,17108.1,1270.0,5.69,2.2,1.9,1.0,3.0,-0.3747,2083.51148179,25.9837039983
01a59005o0133o,189.138590963,11.2316585185,15.6,0.01,78.01,o,22.245,59005.2975014,7670.94,9435.58,2065.0,178.0,2153.0,27.6,170.9,12271.8,1111.5,1.75,2.39,1.85,1.0,3.0,-0.3927,2092.05165948,26.8186836051
01a59005o0187o,189.138590963,11.2316585185,15.6,0.01,80.44,o,22.24,59005.3228464,7694.53,9473.94,2194.0,176.0,2477.7,30.8,170.6,15405.5,1220.4,3.04,2.08,1.84,1.0,3.0,-0.3877,2083.9563787,25.9054189223
01a59005o0225o,189.138590963,11.2316585185,15.6,0.01,77.41,o,22.238,59005.341312,7635.45,9396.68,2412.0,178.0,2461.5,31.8,168.0,12401.6,1241.0,2.92,2.08,1.85,1.0,3.0,-0.3877,2085.42054969,26.9414476864
01a59005o0245o,189.138590963,11.2316585185,15.57,0.01,81.44,o,22.234,59005.3511106,7615.29,9516.47,2794.0,175.3,2646.7,32.5,166.3,10672.5,1619.4,3.13,1.98,1.84,1.0,3.0,-0.3987,2152.51643422,26.4317014064
02a59006o0099o,189.138591439,11.231658777,15.6,0.01,83.49,o,22.177,59006.2859987,1817.77,6729.64,2089.0,183.0,1962.0,23.5,180.8,9471.1,1067.3,3.96,2.23,1.95,1.0,3.0,-0.4407,2086.39831223,24.9899899783
02a59006o0106o,189.138591439,11.231658777,15.59,0.01,79.85,o,22.177,59006.2892639,1799.02,6692.26,1730.0,181.0,1788.7,22.4,177.9,11873.0,1082.1,2.32,2.34,2.06,1.0,3.0,-0.4397,2106.58666179,26.380914197
02a59006o0118o,189.138591608,11.2316588112,15.62,0.01,79.35,o,22.178,59006.2947749,1855.54,6768.38,2055.0,181.1,1801.3,22.7,169.8,8937.8,1014.4,2.18,2.31,2.04,1.0,3.0,-0.4317,2056.77574249,25.9195077746
02a59006o0145o,189.138591439,11.231658777,15.6,0.01,78.07,o,22.175,59006.3071696,1875.43,6650.86,2046.0,184.7,1834.7,23.5,184.1,12111.7,1075.5,3.97,2.31,2.02,1.0,3.0,-0.4377,2091.64104513,26.7910636946
02a59007o0143o,189.138591608,11.2316588112,15.6,0.01,85.16,o,22.123,59007.3031362,1814.89,6731.77,1726.0,181.3,1660.7,19.5,177.4,11208.7,1054.7,3.23,2.38,2.08,1.0,3.0,-0.4287,2089.73021897,24.5376884867
02a59007o0150o,189.138591608,11.2316588112,15.61,0.01,88.32,o,22.174,59007.3063525,1795.67,6693.7,1942.0,182.3,1810.5,20.5,180.4,11362.4,943.3,3.51,2.31,2.03,1.0,3.0,-0.4327,2066.64219513,23.4002568352
02a59007o0162o,189.138591608,11.2316588112,15.57,0.01,82.76,o,22.13,59007.3118395,1854.13,6771.29,1955.0,176.1,1895.2,22.9,168.8,13259.3,1008.1,2.25,2.25,1.98,1.0,3.0,-0.4387,2152.09531157,26.004106498
02a59007o0214o,189.138591608,11.2316588112,15.61,0.01,84.3,o,22.156,59007.3365583,1876.5,6657.03,2002.0,179.3,1939.0,23.0,183.9,13107.7,1004.3,3.12,2.2,1.94,1.0,3.0,-0.4447,2070.90875963,24.5646732705
01a59008o0293o,189.138591361,11.2316583673,15.63,0.02,49.12,o,21.612,59008.3725132,2537.54,3645.04,1230.0,191.3,1306.6,26.6,185.3,6088.8,1166.6,1.48,2.12,1.87,1.0,3.0,-0.3897,2033.66243505,41.4016690435
01a59008o0320o,189.138591361,11.2316583673,15.64,0.01,77.22,o,22.083,59008.385063,2554.58,3684.51,2159.0,188.2,2100.4,27.2,178.5,8211.2,1369.4,2.46,2.09,1.81,1.0,3.0,-0.3887,2019.6941887,26.15486666
01a59008o0340o,189.138591361,11.2316583673,15.62,0.01,75.42,o,22.089,59008.3943922,2494.34,3607.12,1954.0,169.1,2043.8,27.1,172.8,14786.6,1042.2,3.52,2.09,1.9,1.0,3.0,-0.3897,2053.51096968,27.2287637138
01a59008o0355o,189.138591361,11.2316583673,15.66,0.02,52.54,o,21.838,59008.4013053,2475.5,3724.0,1462.0,164.4,1534.3,29.2,166.0,11434.6,1660.1,1.64,2.12,1.91,1.0,3.0,-0.3867,1975.32362746,37.5933324134
01a59009o0179o,189.138591467,11.2316584,15.62,0.02,65.97,o,21.467,59009.3180512,2530.8,3646.34,955.0,183.7,870.8,13.2,181.5,7121.6,612.7,2.67,2.49,2.12,1.0,3.0,-0.3787,2041.79611755,30.9505153326
01a59009o0186o,189.138591467,11.2316584,15.58,0.04,25.27,o,20.033,59009.3212752,2551.64,3685.4,433.0,181.3,262.8,10.4,177.8,1302.3,403.8,1.28,2.35,2.05,1.0,3.0,-0.3877,2124.25099083,84.0647271864
01a59009o0233o,189.138591467,11.2316584,15.61,0.02,60.55,o,21.483,59009.3432244,2493.95,3607.8,963.0,186.8,1005.1,16.6,182.4,8048.2,760.5,2.3,2.33,2.0,1.0,3.0,-0.3847,2061.36042958,34.0449538663
01a59009o0257o,189.138591467,11.2316584,>14.3564653022,0.0,1.17,o,17.694,59009.3545152,2475.23,3724.17,137.0,177.6,38.1,32.6,173.8,-782.0,1783.9,1.02,2.35,2.0,1.0,3.0,-0.3747,2559.6558575,2190.15173109
01a59013o0195o,189.138591429,11.2316586364,15.65,0.01,110.48,o,22.229,59013.3280927,2537.19,3648.62,2609.0,181.6,2563.2,23.2,181.2,12975.0,549.8,6.84,1.94,1.77,1.0,3.0,-0.4117,1997.63544808,18.0809700357
01a59013o0202o,189.138591429,11.2316586364,15.65,0.01,109.65,o,22.229,59013.3313187,2556.18,3686.84,2468.0,181.3,2719.2,24.8,181.0,12003.5,762.3,7.68,1.85,1.73,1.0,3.0,-0.4197,1989.83803685,18.147978565
01a59013o0223o,189.138591429,11.2316586364,15.65,0.01,112.42,o,22.224,59013.341062,2497.59,3609.2,2522.0,180.7,2664.3,23.7,174.9,11346.3,666.9,5.06,1.88,1.74,1.0,3.0,-0.4147,1992.73233355,17.7261405642
01a59013o0264o,189.138591429,11.2316586364,15.65,0.01,108.34,o,22.216,59013.3603147,2478.88,3724.67,2322.0,179.7,2426.8,22.4,176.9,12004.6,777.7,3.97,1.97,1.82,1.0,3.0,-0.4077,1991.27089355,18.3799522068
01a59017o0187o,189.138591582,11.231658481,15.7,0.01,106.45,o,22.247,59017.3221782,6974.89,7786.05,1844.0,181.5,2373.8,22.3,180.1,11935.4,667.6,8.23,2.02,1.81,1.0,3.0,-0.3977,1912.63815449,17.9677440581
01a59017o0194o,189.138591582,11.231658481,15.65,0.01,108.14,o,22.206,59017.3254445,6994.87,7824.36,2121.0,180.5,2422.3,22.4,168.3,9552.8,675.0,10.21,2.0,1.79,1.0,3.0,-0.4012,1990.9928532,18.4115261989
01a59017o0210o,189.138591582,11.231658481,15.68,0.01,100.98,o,22.207,59017.3329474,6935.62,7747.95,1792.0,181.2,2059.9,20.4,171.6,9510.8,725.0,5.28,2.18,1.91,1.0,3.0,-0.3877,1943.09817437,19.2432655746
01a59017o0243o,189.138591582,11.231658481,15.67,0.01,103.97,o,22.262,59017.3483994,6915.84,7865.34,2010.0,180.5,2183.4,21.0,168.9,10974.6,814.7,7.7,2.17,1.92,1.0,3.0,-0.3867,1957.28024973,18.8251741524
01a59021o0049o,189.138591605,11.2316585185,15.73,0.01,99.15,o,22.172,59021.2625545,6972.2,7782.22,2141.0,181.8,2062.3,20.8,177.5,12973.9,596.0,8.0,2.13,1.8,1.0,3.0,-0.3907,1855.0802237,18.7100172879
01a59021o0103o,189.138591605,11.2316585185,15.7,0.01,88.78,o,21.898,59021.2882502,6993.82,7820.56,1497.0,181.7,1633.6,18.4,181.1,9750.9,579.9,8.35,2.14,1.8,1.0,3.0,-0.3907,1900.16252408,21.4024182438
01a59021o0114o,189.138591605,11.2316585185,15.7,0.01,86.35,o,21.881,59021.2934553,6935.4,7743.55,1790.0,182.4,1718.3,19.9,185.6,12199.0,660.4,4.8,2.01,1.78,1.0,3.0,-0.4027,1906.66236874,22.0814649002
01a59021o0140o,189.138591605,11.2316585185,15.68,0.01,107.67,o,22.244,59021.3059262,6916.29,7861.01,2127.0,181.4,2368.7,22.0,181.0,16135.9,686.2,5.63,2.06,1.8,1.0,3.0,-0.3997,1944.50261174,18.0601416213
02a59022o0083c,189.138591807,11.2316589759,16.88,0.02,45.74,c,22.223,59022.2816634,3334.38,9058.22,676.0,180.8,498.6,10.9,180.3,5172.9,634.2,3.12,2.5,2.28,1.0,3.0,-0.4007,642.075169544,14.0365410109
02a59022o0090c,189.138591807,11.2316589759,16.81,0.02,46.97,c,22.218,59022.2848672,3317.1,9018.47,679.0,181.4,507.3,10.8,180.5,5486.1,479.3,3.48,2.55,2.33,1.0,3.0,-0.4017,684.730556679,14.577350704
02a59022o0105c,189.138591807,11.2316589759,16.84,0.02,45.93,c,22.208,59022.2917664,3373.81,9096.64,616.0,182.1,482.3,10.5,178.5,4439.5,630.9,3.03,2.57,2.36,1.0,3.0,-0.3997,669.45460531,14.5744834247
02a59022o0130c,189.138591807,11.2316589759,16.85,0.02,43.57,c,22.212,59022.3032724,3394.4,8978.92,630.0,181.3,483.6,11.1,182.3,5552.9,517.8,2.45,2.56,2.34,1.0,3.0,-0.3967,658.720015983,15.1195040889
01a59025o0038o,189.138591824,11.2316587059,15.73,0.01,83.26,o,22.285,59025.2563267,6788.76,3912.53,1265.0,181.3,1132.3,13.6,180.3,11943.5,742.3,2.4,2.93,2.72,1.0,3.0,-0.3617,1857.61956691,22.3117778945
01a59025o0055o,189.138591824,11.2316587059,15.76,0.01,91.54,o,22.286,59025.2642001,6810.03,3952.01,1168.0,180.8,1217.5,13.3,175.1,12389.9,685.6,3.13,2.81,2.57,1.0,3.0,-0.3587,1803.29657736,19.6992562455
01a59025o0064o,189.138591824,11.2316587059,15.76,0.01,93.79,o,22.286,59025.2684342,6752.51,3873.72,1291.0,181.0,1238.0,13.2,183.0,13268.1,678.7,2.79,2.8,2.55,1.0,3.0,-0.3557,1807.91330857,19.2766200914
01a59025o0116o,189.138591824,11.2316587059,15.78,0.01,96.41,o,22.28,59025.2930312,6736.13,3990.62,1573.0,179.8,1532.9,15.9,178.1,13522.8,654.9,4.85,2.49,2.23,1.0,3.0,-0.3697,1773.27781043,18.3933180154
02a59027o0053o,189.138591782,11.2316586782,15.77,0.01,75.54,o,22.167,59027.2668868,1658.5,2857.53,1867.0,181.4,1692.1,22.4,180.9,8811.1,836.7,1.81,2.2,1.94,1.0,3.0,-0.4437,1787.34825851,23.6608953316
02a59027o0061o,189.138591782,11.2316586782,15.77,0.01,75.11,o,22.166,59027.2705812,1639.08,2818.6,1463.0,179.9,1517.3,20.2,171.1,7499.4,998.0,2.08,2.33,2.06,1.0,3.0,-0.4307,1782.59771092,23.7319407899
02a59027o0087o,189.138591782,11.2316586782,15.75,0.01,74.68,o,22.162,59027.2826407,1698.32,2896.1,1625.0,177.1,1620.6,21.7,176.9,12061.6,1012.9,1.69,2.27,2.02,1.0,3.0,-0.4317,1827.30821422,24.4678441618
02a59027o0124o,189.138591782,11.2316586782,15.77,0.02,71.49,o,22.155,59027.299801,1719.27,2777.68,1689.0,181.2,1587.0,22.2,176.7,8994.8,909.1,2.62,2.28,2.0,1.0,3.0,-0.4327,1792.67067693,25.0770567283
02a59031o0027o,189.138591798,11.231658764,15.81,0.02,59.43,o,22.166,59031.2550699,1651.0,2862.75,1197.0,182.7,1301.5,21.9,180.9,9249.6,1264.0,1.93,2.45,2.13,1.0,3.0,-0.4667,1718.49631626,28.9166879187
02a59031o0035o,189.138591798,11.231658764,15.83,0.02,60.71,o,22.164,59031.2595079,1631.52,2822.1,1299.0,180.6,1147.4,18.9,182.6,10256.2,1084.8,1.6,2.63,2.25,1.0,3.0,-0.4467,1689.70876709,27.8329228674
02a59031o0087o,189.138591798,11.231658764,15.79,0.02,65.11,o,22.156,59031.28362,1691.54,2898.16,1467.0,181.7,1302.2,20.0,174.0,8057.7,973.1,1.51,2.51,2.14,1.0,3.0,-0.4437,1748.7347134,26.8581587067
02a59031o0116o,189.138591798,11.231658764,15.84,0.02,64.81,o,22.152,59031.2970428,1714.94,2777.7,1250.0,182.0,1198.9,18.5,183.2,9856.8,884.5,1.55,2.65,2.11,1.0,3.0,-0.4397,1675.98464233,25.8618032223
01a59033o0093o,189.138591703,11.2316586264,15.77,0.01,74.56,o,22.285,59033.2810801,793.25,7617.6,2034.0,180.8,1774.6,23.8,167.0,8977.9,1315.1,2.64,2.4,2.04,1.0,3.0,-0.3567,1780.33049801,23.8768544194
01a59033o0105o,189.138591703,11.2316586264,15.79,0.01,72.31,o,22.281,59033.286618,813.99,7656.76,1849.0,183.0,1938.0,26.8,167.7,10299.9,1153.9,3.86,2.28,1.91,1.0,3.0,-0.3717,1759.87058427,24.3367036421
01a59033o0113o,189.138591703,11.2316586264,15.76,0.01,72.87,o,22.28,59033.2903011,754.7,7578.68,1999.0,182.5,1850.8,25.4,170.7,10401.7,1250.0,3.07,2.39,1.97,1.0,3.0,-0.3597,1798.79786412,24.6863333416
01a59033o0135o,189.138591703,11.2316586264,15.76,0.01,73.24,o,22.277,59033.3004543,735.11,7695.45,2007.0,182.1,1830.9,25.0,163.8,12591.5,1228.3,2.96,2.43,1.97,1.0,3.0,-0.3567,1809.23870372,24.7042261144
02a59035o0066o,189.138591183,11.2316583333,15.82,0.02,56.01,o,22.148,59035.2963436,6833.31,918.03,1316.0,184.9,1221.1,21.8,185.2,8769.6,1374.5,1.75,2.51,2.24,1.0,3.0,-0.4327,1711.71602424,30.5588480292
02a59035o0074o,189.138591183,11.2316583333,15.9,0.02,51.91,o,22.146,59035.3000278,6813.61,877.53,1418.0,186.8,1079.8,20.8,180.8,5741.9,1209.2,2.29,2.55,2.31,1.0,3.0,-0.4347,1591.67439072,30.6601475522
02a59035o0090o,189.138591183,11.2316583333,15.81,0.02,55.54,o,22.142,59035.3073794,6872.86,953.4,1430.0,186.6,1255.1,22.6,172.1,4225.2,1423.6,2.25,2.46,2.22,1.0,3.0,-0.4377,1726.3353213,31.0853145258
02a59035o0112o,189.138591183,11.2316583333,15.83,0.02,53.23,o,22.134,59035.3174807,6894.23,834.86,1382.0,185.5,1187.0,22.3,183.2,7802.5,1265.2,1.52,2.51,2.25,1.0,3.0,-0.4307,1689.91828017,31.7482541262
01a59037o0060o,189.138590737,11.2316582632,15.88,0.01,89.38,o,22.28,59037.267481,783.56,7617.37,2667.0,183.3,2270.3,25.4,181.3,11666.5,832.9,5.83,1.86,1.74,1.0,3.0,-0.4257,1611.77415278,18.0324465844
01a59037o0067o,189.138590737,11.2316582632,15.89,0.01,89.24,o,22.279,59037.2707437,802.73,7656.99,2131.0,180.2,2409.6,27.0,182.6,9861.0,742.4,4.67,1.78,1.7,1.0,3.0,-0.4247,1599.45720086,17.9222046909
01a59037o0105o,189.138590737,11.2316582632,15.85,0.01,86.16,o,22.273,59037.2885213,743.66,7579.23,2579.0,183.9,2386.5,27.7,180.7,12516.3,1015.5,4.54,1.83,1.73,1.0,3.0,-0.4197,1658.88918895,19.2546534817
01a59037o0113o,189.138590737,11.2316582632,15.88,0.01,81.51,o,22.272,59037.2922123,723.67,7695.54,2774.0,186.0,2266.0,27.8,193.3,16756.5,1069.5,6.24,1.89,1.73,1.0,3.0,-0.4087,1611.8571799,19.7747703448

